-0.759739 +3.141590 -2.407290 +3.075640 +0.093492 +3.112660 -0.081583 
-0.759739 +3.141590 -2.407290 +3.075640 +0.093492 +3.112660 -0.081583 
-0.759758 +3.141590 -2.407271 +3.075621 +0.093472 +3.112641 -0.081583 
-0.759798 +3.141591 -2.407231 +3.075582 +0.093433 +3.112602 -0.081583 
-0.759817 +3.141591 -2.407212 +3.075562 +0.093413 +3.112582 -0.081583 
-0.759817 +3.141591 -2.407212 +3.075562 +0.093413 +3.112582 -0.081583 
-0.759817 +3.141591 -2.407212 +3.075562 +0.093413 +3.112582 -0.081583 
-0.759817 +3.141591 -2.407212 +3.075562 +0.093413 +3.112582 -0.081583 
-0.759817 +3.141591 -2.407212 +3.075562 +0.093413 +3.112582 -0.081583 
-0.760092 +3.141592 -2.406937 +3.075288 +0.093139 +3.112308 -0.081583 
-0.760464 +3.141593 -2.406565 +3.074915 +0.092766 +3.111935 -0.081583 
-0.760562 +3.141593 -2.406467 +3.074817 +0.092668 +3.111837 -0.081583 
-0.760562 +3.141593 -2.406467 +3.074817 +0.092668 +3.111837 -0.081583 
-0.761228 +3.141593 -2.405801 +3.074151 +0.092002 +3.111171 -0.081583 
-0.762091 +3.141594 -2.404938 +3.073288 +0.091140 +3.110308 -0.081583 
-0.762287 +3.141595 -2.404742 +3.073092 +0.090944 +3.110112 -0.081583 
-0.762610 +3.141595 -2.404419 +3.072769 +0.090620 +3.109789 -0.081583 
-0.763149 +3.141595 -2.403880 +3.072230 +0.090081 +3.109250 -0.081583 
-0.763149 +3.141595 -2.403880 +3.072230 +0.090081 +3.109250 -0.081583 
-0.763149 +3.141595 -2.403880 +3.072230 +0.090081 +3.109250 -0.081583 
-0.763512 +3.141596 -2.403517 +3.071867 +0.089719 +3.108887 -0.081583 
-0.764404 +3.141596 -2.402625 +3.070976 +0.088827 +3.107996 -0.081583 
-0.767500 +3.141598 -2.399529 +3.067879 +0.085730 +3.104899 -0.081583 
-0.768412 +3.141598 -2.398617 +3.066967 +0.084819 +3.103987 -0.081583 
-0.770970 +3.141600 -2.396060 +3.064409 +0.082261 +3.101429 -0.081583 
-0.771381 +3.141600 -2.395648 +3.063998 +0.081849 +3.101018 -0.081583 
-0.773616 +3.141601 -2.393413 +3.061764 +0.079615 +3.098783 -0.081583 
-0.776004 +3.141602 -2.391025 +3.059333 +0.077184 +3.096353 -0.081583 
-0.778175 +3.141602 -2.388855 +3.056971 +0.074823 +3.093991 -0.081583 
-0.780347 +3.141603 -2.386684 +3.054453 +0.072304 +3.091473 -0.081583 
-0.785657 +3.141605 -2.381376 +3.047652 +0.065503 +3.084671 -0.081583 
-0.787587 +3.141606 -2.379446 +3.044927 +0.062778 +3.081947 -0.081583 
-0.790483 +3.141607 -2.376551 +3.040635 +0.058486 +3.077655 -0.081583 
-0.790725 +3.141607 -2.376310 +3.040272 +0.058123 +3.077292 -0.081583 
-0.792897 +3.141608 -2.374139 +3.036832 +0.054684 +3.073852 -0.081583 
-0.795310 +3.141608 -2.371727 +3.032834 +0.050685 +3.069854 -0.081583 
-0.797482 +3.141609 -2.369555 +3.029061 +0.046912 +3.066081 -0.081583 
-0.797723 +3.141609 -2.369314 +3.028640 +0.046491 +3.065660 -0.081583 
-0.802550 +3.141611 -2.364489 +3.019663 +0.037514 +3.056683 -0.081583 
-0.804963 +3.141612 -2.362077 +3.014880 +0.032732 +3.051900 -0.081583 
-0.807377 +3.141613 -2.359664 +3.009902 +0.027753 +3.046922 -0.081583 
-0.818237 +3.141617 -2.348808 +2.985575 +0.002910 +3.022307 -0.081583 
-0.822098 +3.141618 -2.344948 +2.976744 -0.007251 +3.013227 -0.081583 
-0.825235 +3.141620 -2.341812 +2.969570 -0.015590 +3.005849 -0.081583 
-0.828855 +3.141621 -2.338193 +2.961291 -0.025596 +2.997336 -0.081583 
-0.836337 +3.141624 -2.330715 +2.944182 -0.047676 +2.979743 -0.081583 
-0.840439 +3.141625 -2.326613 +2.934800 -0.060602 +2.970095 -0.081583 
-0.844542 +3.141627 -2.322512 +2.925418 -0.074077 +2.960447 -0.081583 
-0.846955 +3.141628 -2.320100 +2.919899 -0.082270 +2.954772 -0.081583 
-0.850817 +3.141629 -2.316240 +2.911068 -0.095774 +2.945691 -0.081583 
-0.858539 +3.141632 -2.308520 +2.893407 -0.124312 +2.927531 -0.081583 
-0.865538 +3.141634 -2.301524 +2.877402 -0.151899 +2.911072 -0.081583 
-0.873019 +3.141637 -2.294045 +2.860293 -0.183229 +2.893479 -0.081583 
-0.877122 +3.141639 -2.289944 +2.850911 -0.201212 +2.883832 -0.081583 
-0.879777 +3.141639 -2.287290 +2.844840 -0.213139 +2.877589 -0.081583 
-0.884603 +3.141641 -2.282465 +2.833802 -0.235444 +2.866238 -0.081583 
-0.888223 +3.141643 -2.278847 +2.825524 -0.252701 +2.857725 -0.081583 
-0.924423 +3.141656 -2.242660 +2.742738 -0.432058 +2.772597 -0.081583 
-0.928043 +3.141657 -2.239041 +2.734460 -0.450025 +2.764084 -0.081583 
-0.932146 +3.141659 -2.234940 +2.725077 -0.470387 +2.754436 -0.081583 
-0.935283 +3.141660 -2.231804 +2.717903 -0.485958 +2.747058 -0.081583 
-0.938903 +3.141661 -2.228185 +2.709624 -0.503925 +2.738546 -0.081583 
-0.942765 +3.141663 -2.224325 +2.700794 -0.523089 +2.729465 -0.081583 
-0.946626 +3.141664 -2.220465 +2.691963 -0.542254 +2.720385 -0.081583 
-0.950246 +3.141665 -2.216846 +2.683685 -0.560220 +2.711872 -0.081583 
-0.953866 +3.141667 -2.213228 +2.675406 -0.578187 +2.703359 -0.081583 
-0.957003 +3.141668 -2.210092 +2.668232 -0.593758 +2.695982 -0.081583 
-0.959658 +3.141669 -2.207438 +2.662161 -0.606934 +2.689739 -0.081583 
-0.963519 +3.141670 -2.203578 +2.653330 -0.626098 +2.680658 -0.081583 
-0.966657 +3.141671 -2.200442 +2.646156 -0.641669 +2.673280 -0.081583 
-0.968105 +3.141672 -2.198994 +2.642844 -0.648856 +2.669875 -0.081583 
-0.969070 +3.141672 -2.198029 +2.640637 -0.653647 +2.667605 -0.081583 
-0.972449 +3.141674 -2.194652 +2.632910 -0.670416 +2.659660 -0.081583 
-0.974379 +3.141674 -2.192722 +2.628495 -0.679998 +2.655120 -0.081583 
-0.981137 +3.141677 -2.185967 +2.613041 -0.713536 +2.639229 -0.081583 
-0.985239 +3.141678 -2.181866 +2.603659 -0.733899 +2.629581 -0.081583 
-0.991755 +3.141681 -2.175352 +2.588758 -0.766239 +2.614258 -0.081583 
-0.996099 +3.141682 -2.171010 +2.578824 -0.787799 +2.604043 -0.081583 
-0.999719 +3.141684 -2.167391 +2.570545 -0.805765 +2.595530 -0.081583 
-1.003098 +3.141685 -2.164014 +2.562819 -0.822534 +2.587585 -0.081583 
-1.006959 +3.141686 -2.160154 +2.553988 -0.841699 +2.578504 -0.081583 
-1.010097 +3.141687 -2.157017 +2.546813 -0.857270 +2.571126 -0.081583 
-1.013717 +3.141689 -2.153399 +2.538535 -0.875237 +2.562614 -0.081583 
-1.017819 +3.141690 -2.149298 +2.529153 -0.895599 +2.552966 -0.081583 
-1.021198 +3.141691 -2.145920 +2.521426 -0.912368 +2.545021 -0.081583 
-1.025059 +3.141693 -2.142060 +2.512595 -0.931532 +2.535940 -0.081583 
-1.028679 +3.141694 -2.138442 +2.504317 -0.949499 +2.527427 -0.081583 
-1.032782 +3.141696 -2.134341 +2.494935 -0.969861 +2.517779 -0.081583 
-1.036402 +3.141697 -2.130722 +2.486656 -0.987828 +2.509267 -0.081583 
-1.041470 +3.141699 -2.125656 +2.475066 -1.012981 +2.497349 -0.081583 
-1.046297 +3.141701 -2.120831 +2.464028 -1.036937 +2.485998 -0.081583 
-1.071154 +3.141710 -2.095982 +2.407182 -1.160308 +2.427543 -0.081583 
-1.073567 +3.141711 -2.093570 +2.401663 -1.172286 +2.421868 -0.081583 
-1.076463 +3.141712 -2.090675 +2.395041 -1.186659 +2.415058 -0.081583 
-1.081773 +3.141714 -2.085367 +2.382899 -1.213011 +2.402572 -0.081583 
-1.085875 +3.141715 -2.081266 +2.373516 -1.233373 +2.392924 -0.081583 
-1.092150 +3.141717 -2.074994 +2.359167 -1.264515 +2.378169 -0.081583 
-1.095770 +3.141719 -2.071375 +2.350888 -1.282482 +2.369656 -0.081583 
-1.099390 +3.141720 -2.067757 +2.342610 -1.300449 +2.361143 -0.081583 
-1.103010 +3.141721 -2.064138 +2.334331 -1.318415 +2.352630 -0.081583 
-1.107113 +3.141723 -2.060037 +2.324949 -1.338778 +2.342983 -0.081583 
-1.110250 +3.141724 -2.056901 +2.317774 -1.354349 +2.335605 -0.081583 
-1.114111 +3.141726 -2.053041 +2.308944 -1.373513 +2.326524 -0.081583 
-1.121351 +3.141728 -2.045803 +2.292387 -1.409447 +2.309499 -0.081583 
-1.124006 +3.141729 -2.043149 +2.286316 -1.422622 +2.303256 -0.081583 
-1.127385 +3.141731 -2.039772 +2.278589 -1.439391 +2.295310 -0.081583 
-1.131246 +3.141732 -2.035912 +2.269759 -1.458556 +2.286230 -0.081583 
-1.135107 +3.141733 -2.032052 +2.260928 -1.477720 +2.277150 -0.081583 
-1.138727 +3.141735 -2.028434 +2.252650 -1.495687 +2.268637 -0.081583 
-1.142830 +3.141736 -2.024332 +2.243268 -1.516049 +2.258989 -0.081583 
-1.150070 +3.141739 -2.017095 +2.226711 -1.551982 +2.241963 -0.081583 
-1.153690 +3.141740 -2.013476 +2.218432 -1.569949 +2.233451 -0.081583 
-1.157310 +3.141742 -2.009857 +2.210154 -1.587916 +2.224938 -0.081583 
-1.160930 +3.141743 -2.006239 +2.201875 -1.605883 +2.216425 -0.081583 
-1.164550 +3.141744 -2.002620 +2.193597 -1.623849 +2.207912 -0.081583 
-1.168170 +3.141745 -1.999002 +2.185318 -1.641816 +2.199399 -0.081583 
-1.170583 +3.141746 -1.996589 +2.179799 -1.653794 +2.193724 -0.081583 
-1.174203 +3.141748 -1.992970 +2.171520 -1.671760 +2.185211 -0.081583 
-1.177341 +3.141749 -1.989834 +2.164346 -1.687332 +2.177833 -0.081583 
-1.180961 +3.141750 -1.986215 +2.156067 -1.705298 +2.169321 -0.081583 
-1.184581 +3.141752 -1.982597 +2.147789 -1.723265 +2.160808 -0.081583 
-1.188442 +3.141753 -1.978737 +2.138958 -1.742429 +2.151727 -0.081583 
-1.191821 +3.141754 -1.975359 +2.131232 -1.759198 +2.143782 -0.081583 
-1.198578 +3.141757 -1.968604 +2.115778 -1.792736 +2.127891 -0.081583 
-1.202922 +3.141758 -1.964262 +2.105844 -1.814296 +2.117676 -0.081583 
-1.206059 +3.141759 -1.961126 +2.098670 -1.829867 +2.110298 -0.081583 
-1.209921 +3.141761 -1.957266 +2.089839 -1.849032 +2.101218 -0.081583 
-1.212817 +3.141762 -1.954371 +2.083216 -1.863405 +2.094408 -0.081583 
-1.216437 +3.141763 -1.950752 +2.074938 -1.881372 +2.085895 -0.081583 
-1.220298 +3.141765 -1.946892 +2.066107 -1.900536 +2.076814 -0.081583 
-1.223918 +3.141766 -1.943274 +2.057829 -1.918503 +2.068301 -0.081583 
-1.227779 +3.141767 -1.939414 +2.048998 -1.937668 +2.059221 -0.081583 
-1.231399 +3.141769 -1.935795 +2.040720 -1.955634 +2.050708 -0.081583 
-1.235261 +3.141770 -1.931935 +2.031889 -1.974799 +2.041628 -0.081583 
-1.238639 +3.141771 -1.928558 +2.024163 -1.991568 +2.033683 -0.081583 
-1.244190 +3.141773 -1.923009 +2.011469 -2.019117 +2.020630 -0.081583 
-1.245155 +3.141774 -1.922044 +2.009261 -2.023908 +2.018359 -0.081583 
-1.253843 +3.141777 -1.913359 +1.989393 -2.067028 +1.997929 -0.081583 
-1.254809 +3.141777 -1.912394 +1.987185 -2.071819 +1.995659 -0.081583 
-1.256257 +3.141778 -1.910947 +1.983874 -2.079006 +1.992253 -0.081583 
-1.269530 +3.141783 -1.897678 +1.953519 -2.144884 +1.961040 -0.081583 
-1.287871 +3.141789 -1.879344 +1.911575 -2.235915 +1.917908 -0.081583 
-1.291733 +3.141791 -1.875484 +1.902744 -2.255079 +1.908828 -0.081583 
-1.295353 +3.141792 -1.871865 +1.894466 -2.273046 +1.900315 -0.081583 
-1.298490 +3.141793 -1.868729 +1.887291 -2.288617 +1.892937 -0.081583 
-1.305971 +3.141796 -1.861250 +1.870182 -2.325748 +1.875344 -0.081583 
-1.309833 +3.141798 -1.857390 +1.861352 -2.344913 +1.866263 -0.081583 
-1.317314 +3.141800 -1.849911 +1.844243 -2.382044 +1.848670 -0.081583 
-1.320210 +3.141801 -1.847017 +1.837620 -2.396417 +1.841860 -0.081583 
-1.323830 +3.141803 -1.843398 +1.829342 -2.414384 +1.833347 -0.081583 
-1.327691 +3.141804 -1.839538 +1.820511 -2.433549 +1.824267 -0.081583 
-1.332035 +3.141806 -1.835195 +1.810577 -2.455109 +1.814051 -0.081583 
-1.335173 +3.141807 -1.832059 +1.803402 -2.470680 +1.806674 -0.081583 
-1.339034 +3.141808 -1.828199 +1.794572 -2.489844 +1.797593 -0.081583 
-1.346033 +3.141811 -1.821203 +1.778567 -2.524580 +1.781135 -0.081583 
-1.349653 +3.141812 -1.817585 +1.770288 -2.542547 +1.772622 -0.081583 
-1.352790 +3.141813 -1.814448 +1.763113 -2.558118 +1.765244 -0.081583 
-1.355203 +3.141814 -1.812036 +1.757594 -2.570096 +1.759569 -0.081583 
-1.357375 +3.141815 -1.809865 +1.752627 -2.580876 +1.754461 -0.081583 
-1.358341 +3.141815 -1.808900 +1.750420 -2.585667 +1.752191 -0.081583 
-1.360030 +3.141816 -1.807211 +1.746556 -2.594051 +1.748219 -0.081583 
-1.362443 +3.141817 -1.804798 +1.741037 -2.606029 +1.742543 -0.081583 
-1.364856 +3.141818 -1.802386 +1.735518 -2.618007 +1.736868 -0.081583 
-1.367270 +3.141819 -1.799974 +1.729999 -2.629985 +1.731193 -0.081583 
-1.369683 +3.141819 -1.797561 +1.724480 -2.641962 +1.725518 -0.081583 
-1.372097 +3.141820 -1.795149 +1.718961 -2.653940 +1.719843 -0.081583 
-1.374027 +3.141821 -1.793219 +1.714546 -2.663522 +1.715302 -0.081583 
-1.408296 +3.141834 -1.758962 +1.636176 -2.833607 +1.634714 -0.081583 
-1.415537 +3.141836 -1.751724 +1.619619 -2.869541 +1.617688 -0.081583 
-1.418674 +3.141837 -1.748588 +1.612444 -2.885112 +1.610311 -0.081583 
-1.422294 +3.141839 -1.744969 +1.604166 -2.903079 +1.601798 -0.081583 
-1.425914 +3.141840 -1.741351 +1.595887 -2.921045 +1.593285 -0.081583 
-1.429775 +3.141841 -1.737491 +1.587057 -2.940210 +1.584205 -0.081583 
-1.433637 +3.141843 -1.733631 +1.578226 -2.959374 +1.575124 -0.081583 
-1.436291 +3.141844 -1.730977 +1.572156 -2.972550 +1.568882 -0.081583 
-1.440394 +3.141845 -1.726876 +1.562773 -2.992912 +1.559234 -0.081583 
-1.444014 +3.141847 -1.723257 +1.554495 -3.010879 +1.550721 -0.081583 
-1.447151 +3.141848 -1.720121 +1.547320 -3.026450 +1.543343 -0.081583 
-1.451012 +3.141849 -1.716261 +1.538490 -3.045614 +1.534263 -0.081583 
-1.454150 +3.141850 -1.713125 +1.531315 -3.061185 +1.526885 -0.081583 
-1.458735 +3.141852 -1.708541 +1.520829 -3.083943 +1.516102 -0.081583 
-1.461390 +3.141853 -1.705888 +1.514758 -3.097119 +1.509859 -0.081583 
-1.463803 +3.141854 -1.703475 +1.509239 -3.109097 +1.504184 -0.081583 
-1.466216 +3.141855 -1.701063 +1.503720 -3.121074 +1.498509 -0.081583 
-1.469836 +3.141856 -1.697444 +1.495441 -3.139041 +1.489996 -0.081583 
-1.472974 +3.141857 -1.694308 +1.488267 -3.154612 +1.482618 -0.081583 
-1.477559 +3.141859 -1.689724 +1.477780 -3.177370 +1.471835 -0.081583 
-1.480938 +3.141860 -1.686347 +1.470054 -3.194139 +1.463890 -0.081583 
-1.487454 +3.141863 -1.679833 +1.455153 -3.226479 +1.448567 -0.081583 
-1.491074 +3.141864 -1.676214 +1.446874 -3.244446 +1.440054 -0.081583 
-1.495901 +3.141866 -1.671389 +1.435836 -3.268401 +1.428703 -0.081583 
-1.502416 +3.141868 -1.664876 +1.420935 -3.300741 +1.413380 -0.081583 
-1.506278 +3.141870 -1.661016 +1.412104 -3.319906 +1.404300 -0.081583 
-1.509415 +3.141871 -1.657880 +1.404929 -3.335477 +1.396922 -0.081583 
-1.512070 +3.141872 -1.655226 +1.398859 -3.348653 +1.390679 -0.081583 
-1.517620 +3.141874 -1.649677 +1.386165 -3.376202 +1.377626 -0.081583 
-1.520758 +3.141875 -1.646541 +1.378990 -3.391773 +1.370249 -0.081583 
-1.527515 +3.141877 -1.639786 +1.363537 -3.425311 +1.354358 -0.081583 
-1.530653 +3.141879 -1.636650 +1.356362 -3.440882 +1.346980 -0.081583 
-1.534755 +3.141880 -1.632549 +1.346980 -3.461244 +1.337332 -0.081583 
-1.538616 +3.141881 -1.628689 +1.338149 -3.480408 +1.328252 -0.081583 
-1.543443 +3.141883 -1.623864 +1.327111 -3.504364 +1.316902 -0.081583 
-1.548994 +3.141885 -1.618315 +1.314418 -3.531913 +1.303849 -0.081583 
-1.552855 +3.141887 -1.614455 +1.305587 -3.551078 +1.294768 -0.081583 
-1.556716 +3.141888 -1.610595 +1.296757 -3.570242 +1.285688 -0.081583 
-1.560578 +3.141890 -1.606736 +1.287926 -3.589406 +1.276607 -0.081583 
-1.563956 +3.141891 -1.603358 +1.280200 -3.606175 +1.268662 -0.081583 
-1.567818 +3.141892 -1.599498 +1.271369 -3.625340 +1.259582 -0.081583 
-1.569990 +3.141893 -1.597327 +1.266402 -3.636120 +1.254474 -0.081583 
-1.573851 +3.141894 -1.593467 +1.257572 -3.655284 +1.245394 -0.081583 
-1.577712 +3.141896 -1.589607 +1.248741 -3.674449 +1.236313 -0.081583 
-1.581091 +3.141897 -1.586230 +1.241015 -3.691218 +1.228368 -0.081583 
-1.584711 +3.141898 -1.582611 +1.232736 -3.709184 +1.219855 -0.081583 
-1.588573 +3.141900 -1.578751 +1.223906 -3.728349 +1.210775 -0.081583 
-1.591951 +3.141901 -1.575374 +1.216179 -3.745118 +1.202829 -0.081583 
-1.595088 +3.141902 -1.572237 +1.209005 -3.760689 +1.195452 -0.081583 
-1.598950 +3.141904 -1.568377 +1.200174 -3.779854 +1.186371 -0.081583 
-1.602570 +3.141905 -1.564759 +1.191895 -3.797820 +1.177858 -0.081583 
-1.606190 +3.141906 -1.561140 +1.183617 -3.815787 +1.169346 -0.081583 
-1.609568 +3.141907 -1.557763 +1.175890 -3.832556 +1.161400 -0.081583 
-1.612464 +3.141909 -1.554868 +1.169268 -3.846929 +1.154590 -0.081583 
-1.615843 +3.141910 -1.551490 +1.161541 -3.863698 +1.146645 -0.081583 
-1.619463 +3.141911 -1.547872 +1.153262 -3.881665 +1.138132 -0.081583 
-1.622359 +3.141912 -1.544977 +1.146640 -3.896038 +1.131322 -0.081583 
-1.628634 +3.141914 -1.538704 +1.132290 -3.927181 +1.116566 -0.081583 
-1.632736 +3.141916 -1.534603 +1.122908 -3.947543 +1.106918 -0.081583 
-1.636115 +3.141917 -1.531226 +1.115181 -3.964312 +1.098973 -0.081583 
-1.639976 +3.141919 -1.527366 +1.106351 -3.983476 +1.089893 -0.081583 
-1.644079 +3.141920 -1.523264 +1.096969 -4.003839 +1.080245 -0.081583 
-1.647699 +3.141922 -1.519646 +1.088690 -4.021805 +1.071732 -0.081583 
-1.654456 +3.141924 -1.512891 +1.073237 -4.055343 +1.055841 -0.081583 
-1.657835 +3.141925 -1.509513 +1.065510 -4.072112 +1.047896 -0.081583 
-1.661696 +3.141927 -1.505654 +1.056680 -4.091276 +1.038815 -0.081583 
-1.676176 +3.141932 -1.491179 +1.023566 -4.163143 +1.004764 -0.081583 
-1.678590 +3.141933 -1.488766 +1.018047 -4.175121 +0.999089 -0.081583 
-1.678590 +3.141933 -1.488766 +1.018047 -4.175121 +0.999089 -0.081583 
-1.680762 +3.141934 -1.486595 +1.013080 -4.185901 +0.993981 -0.081583 
-1.684864 +3.141935 -1.482494 +1.003697 -4.206263 +0.984333 -0.081583 
-1.688243 +3.141936 -1.479116 +0.995971 -4.223032 +0.976388 -0.081583 
-1.708032 +3.141944 -1.459334 +0.950715 -4.321250 +0.929851 -0.081583 
-1.712135 +3.141945 -1.455233 +0.941332 -4.341612 +0.920203 -0.081583 
-1.715755 +3.141947 -1.451614 +0.933054 -4.359579 +0.911690 -0.081583 
-1.719375 +3.141948 -1.447996 +0.924775 -4.377546 +0.903178 -0.081583 
-1.723719 +3.141949 -1.443653 +0.914841 -4.399106 +0.892962 -0.081583 
-1.726856 +3.141951 -1.440517 +0.907666 -4.414677 +0.885584 -0.081583 
-1.730718 +3.141952 -1.436657 +0.898836 -4.433842 +0.876504 -0.081583 
-1.738199 +3.141955 -1.429179 +0.881727 -4.470973 +0.858911 -0.081583 
-1.742060 +3.141956 -1.425319 +0.872897 -4.490137 +0.849831 -0.081583 
-1.745439 +3.141957 -1.421941 +0.865170 -4.506906 +0.841885 -0.081583 
-1.749059 +3.141959 -1.418322 +0.856892 -4.524873 +0.833372 -0.081583 
-1.753162 +3.141960 -1.414221 +0.847509 -4.545235 +0.823724 -0.081583 
-1.756299 +3.141961 -1.411085 +0.840334 -4.560806 +0.816347 -0.081583 
-1.759919 +3.141963 -1.407466 +0.832056 -4.578773 +0.807834 -0.081583 
-1.763780 +3.141964 -1.403606 +0.823226 -4.597938 +0.798753 -0.081583 
-1.769814 +3.141966 -1.397575 +0.809428 -4.627882 +0.784565 -0.081583 
-1.772468 +3.141967 -1.394922 +0.803357 -4.641057 +0.778323 -0.081583 
-1.772710 +3.141967 -1.394680 +0.802805 -4.642255 +0.777755 -0.081583 
-1.776330 +3.141969 -1.391062 +0.794527 -4.660222 +0.769242 -0.081583 
-1.779226 +3.141970 -1.388167 +0.787904 -4.674595 +0.762432 -0.081583 
-1.781639 +3.141971 -1.385754 +0.782385 -4.686573 +0.756757 -0.081583 
-1.784294 +3.141972 -1.383101 +0.776314 -4.699749 +0.750514 -0.081583 
-1.788155 +3.141973 -1.379241 +0.767483 -4.718913 +0.741434 -0.081583 
-1.795395 +3.141976 -1.372003 +0.750926 -4.754847 +0.724408 -0.081583 
-1.799015 +3.141977 -1.368385 +0.742648 -4.772813 +0.715895 -0.081583 
-1.803118 +3.141979 -1.364283 +0.733266 -4.793176 +0.706247 -0.081583 
-1.806979 +3.141980 -1.360423 +0.724435 -4.812340 +0.697167 -0.081583 
-1.813736 +3.141982 -1.353669 +0.708982 -4.845878 +0.681276 -0.081583 
-1.817356 +3.141984 -1.350050 +0.700703 -4.863844 +0.672763 -0.081583 
-1.821459 +3.141985 -1.345949 +0.691321 -4.884207 +0.663116 -0.081583 
-1.825079 +3.141987 -1.342330 +0.683043 -4.902174 +0.654603 -0.081583 
-1.828940 +3.141988 -1.338470 +0.674212 -4.921338 +0.645522 -0.081583 
-1.832560 +3.141989 -1.334851 +0.665934 -4.939305 +0.637010 -0.081583 
-1.835698 +3.141990 -1.331715 +0.658759 -4.954876 +0.629632 -0.081583 
-1.850660 +3.141996 -1.316758 +0.624541 -5.029138 +0.594445 -0.081583 
-1.854763 +3.141998 -1.312657 +0.615159 -5.049500 +0.584797 -0.081583 
-1.855728 +3.141998 -1.311692 +0.612951 -5.054292 +0.582527 -0.081583 
-1.858383 +3.141999 -1.309038 +0.606880 -5.067467 +0.576285 -0.081583 
-1.862244 +3.142000 -1.305178 +0.598050 -5.086632 +0.567204 -0.081583 
-1.865864 +3.142002 -1.301559 +0.589771 -5.104599 +0.558691 -0.081583 
-1.872622 +3.142004 -1.294805 +0.574318 -5.138136 +0.542801 -0.081583 
-1.879620 +3.142007 -1.287808 +0.558313 -5.172872 +0.526343 -0.081583 
-1.887343 +3.142009 -1.280089 +0.540652 -5.211201 +0.508182 -0.081583 
-1.894100 +3.142012 -1.273334 +0.525199 -5.244739 +0.492291 -0.081583 
-1.901340 +3.142015 -1.266096 +0.508642 -5.280672 +0.475266 -0.081583 
-1.905443 +3.142016 -1.261995 +0.499259 -5.301034 +0.465618 -0.081583 
-1.909063 +3.142017 -1.258376 +0.490981 -5.319001 +0.457105 -0.081583 
-1.912442 +3.142019 -1.254999 +0.483254 -5.335770 +0.449160 -0.081583 
-1.916303 +3.142020 -1.251139 +0.474424 -5.354935 +0.440079 -0.081583 
-1.931507 +3.142026 -1.235941 +0.439654 -5.430395 +0.404325 -0.081583 
-1.933679 +3.142026 -1.233769 +0.434687 -5.441175 +0.399218 -0.081583 
-1.940678 +3.142029 -1.226773 +0.418682 -5.475910 +0.382759 -0.081583 
-1.944056 +3.142030 -1.223396 +0.410955 -5.492679 +0.374814 -0.081583 
-1.947194 +3.142031 -1.220260 +0.403781 -5.508250 +0.367436 -0.081583 
-1.950090 +3.142032 -1.217365 +0.397158 -5.522624 +0.360626 -0.081583 
-1.953710 +3.142034 -1.213746 +0.388879 -5.540590 +0.352113 -0.081583 
-1.958536 +3.142035 -1.208921 +0.377841 -5.564546 +0.340763 -0.081583 
-1.965535 +3.142038 -1.201925 +0.361836 -5.599282 +0.324305 -0.081583 
-1.972292 +3.142041 -1.195170 +0.346383 -5.632820 +0.308414 -0.081583 
-1.978084 +3.142043 -1.189380 +0.333137 -5.661566 +0.294793 -0.081583 
-1.980980 +3.142044 -1.186485 +0.326514 -5.675940 +0.287983 -0.081583 
-1.984118 +3.142045 -1.183349 +0.319340 -5.691511 +0.280605 -0.081583 
-1.991116 +3.142048 -1.176353 +0.303335 -5.726246 +0.264147 -0.081583 
-1.994012 +3.142049 -1.173458 +0.296712 -5.740620 +0.257337 -0.081583 
-1.998839 +3.142050 -1.168633 +0.285674 -5.764575 +0.245986 -0.081583 
-2.001976 +3.142051 -1.165497 +0.278499 -5.780147 +0.238609 -0.081583 
-2.002942 +3.142052 -1.164532 +0.276291 -5.784937 +0.236339 -0.081583 
-2.006803 +3.142053 -1.160672 +0.267461 -5.804102 +0.227258 -0.081583 
-2.009216 +3.142054 -1.158259 +0.261942 -5.816080 +0.221583 -0.081583 
-2.012595 +3.142056 -1.154882 +0.254215 -5.832849 +0.213638 -0.081583 
-2.016215 +3.142057 -1.151263 +0.245937 -5.850718 +0.205125 -0.081583 
-2.022007 +3.142059 -1.145473 +0.232691 -5.878472 +0.191504 -0.081583 
-2.029488 +3.142062 -1.137995 +0.215582 -5.912644 +0.173911 -0.081583 
-2.036728 +3.142064 -1.130757 +0.199025 -5.943926 +0.156885 -0.081583 
-2.040348 +3.142066 -1.127139 +0.190747 -5.958910 +0.148373 -0.081583 
-2.043727 +3.142067 -1.123761 +0.183020 -5.972493 +0.140427 -0.081583 
-2.048071 +3.142068 -1.119419 +0.173086 -5.989408 +0.130212 -0.081583 
-2.050484 +3.142069 -1.117006 +0.167567 -5.998522 +0.124537 -0.081583 
-2.054104 +3.142071 -1.113388 +0.159288 -6.011801 +0.116024 -0.081583 
-2.057724 +3.142072 -1.109769 +0.151010 -6.024688 +0.107511 -0.081583 
-2.065206 +3.142075 -1.102290 +0.133901 -6.049864 +0.089918 -0.081583 
-2.069550 +3.142076 -1.097948 +0.123967 -6.063623 +0.079702 -0.081583 
-2.073170 +3.142078 -1.094329 +0.115688 -6.074590 +0.071190 -0.081583 
-2.076548 +3.142079 -1.090952 +0.107961 -6.084448 +0.063244 -0.081583 
-2.079444 +3.142080 -1.088057 +0.101339 -6.092602 +0.056434 -0.081583 
-2.085236 +3.142082 -1.082267 +0.088093 -6.108007 +0.042813 -0.081583 
-2.087891 +3.142083 -1.079613 +0.082022 -6.114701 +0.036571 -0.081583 
-2.088856 +3.142083 -1.078648 +0.079814 -6.117092 +0.034301 -0.081583 
-2.090546 +3.142084 -1.076959 +0.075951 -6.121159 +0.030328 -0.081583 
-2.097062 +3.142087 -1.070446 +0.061279 -6.136006 +0.015524 -0.081583 
-2.100923 +3.142088 -1.066586 +0.053145 -6.144140 +0.007390 -0.081583 
-2.104302 +3.142089 -1.063208 +0.046461 -6.150824 +0.000706 -0.081583 
-2.108163 +3.142091 -1.059348 +0.039268 -6.158017 -0.006887 -0.081583 
-2.115403 +3.142093 -1.052111 +0.027155 -6.170130 -0.019000 -0.081583 
-2.119264 +3.142095 -1.048251 +0.021432 -6.175853 -0.024723 -0.081583 
-2.122643 +3.142096 -1.044874 +0.016806 -6.180479 -0.029349 -0.081583 
-2.130365 +3.142099 -1.037155 +0.007712 -6.189573 -0.038443 -0.081583 
-2.136634 +3.142101 -1.030886 +0.001401 -6.195884 -0.044754 -0.081583 
-2.139202 +3.142102 -1.028318 -0.001567 -6.198452 -0.047322 -0.081583 
-2.141838 +3.142104 -1.025682 -0.004203 -6.201088 -0.049958 -0.081583 
-2.143759 +3.142105 -1.023761 -0.006124 -6.203009 -0.051879 -0.081583 
-2.145278 +3.142107 -1.022242 -0.007643 -6.204528 -0.053398 -0.081583 
-2.146052 +3.142108 -1.021468 -0.008417 -6.205302 -0.054172 -0.081583 
-2.146199 +3.142108 -1.021321 -0.008564 -6.205449 -0.054319 -0.081583 
-2.146424 +3.142109 -1.021096 -0.008789 -6.205674 -0.054544 -0.081583 
-2.146610 +3.142110 -1.020909 -0.008976 -6.205861 -0.054731 -0.081583 
-2.146366 +3.142109 -1.021154 -0.008731 -6.205616 -0.054486 -0.081583 