-0.759739 +3.141590 -2.407290 +3.075640 +0.093492 +3.112660 -0.081583 
-0.759739 +3.141590 -2.407290 +3.075640 +0.093492 +3.112660 -0.081583 
-0.759758 +3.141590 -2.407271 +3.075621 +0.093472 +3.112641 -0.081583 
-0.759798 +3.141591 -2.407231 +3.075582 +0.093433 +3.112602 -0.081583 
-0.759817 +3.141591 -2.407212 +3.075562 +0.093413 +3.112582 -0.081583 
-0.759817 +3.141591 -2.407212 +3.075562 +0.093413 +3.112582 -0.081583 
-0.759817 +3.141591 -2.407212 +3.075562 +0.093413 +3.112582 -0.081583 
-0.759817 +3.141591 -2.407212 +3.075562 +0.093413 +3.112582 -0.081583 
-0.759817 +3.141591 -2.407212 +3.075562 +0.093413 +3.112582 -0.081583 
-0.760092 +3.141592 -2.406937 +3.075288 +0.093139 +3.112308 -0.081583 
-0.760464 +3.141593 -2.406565 +3.074915 +0.092766 +3.111935 -0.081583 
-0.760562 +3.141593 -2.406467 +3.074817 +0.092668 +3.111837 -0.081583 
-0.760562 +3.141593 -2.406467 +3.074817 +0.092668 +3.111837 -0.081583 
-0.761228 +3.141593 -2.405801 +3.074151 +0.092002 +3.111171 -0.081583 
-0.762091 +3.141594 -2.404938 +3.073288 +0.091140 +3.110308 -0.081583 
-0.762287 +3.141595 -2.404742 +3.073092 +0.090944 +3.110112 -0.081583 
-0.762610 +3.141595 -2.404419 +3.072769 +0.090620 +3.109789 -0.081583 
-0.763149 +3.141595 -2.403880 +3.072230 +0.090081 +3.109250 -0.081583 
-0.763149 +3.141595 -2.403880 +3.072230 +0.090081 +3.109250 -0.081583 
-0.763149 +3.141595 -2.403880 +3.072230 +0.090081 +3.109250 -0.081583 
-0.763512 +3.141596 -2.403517 +3.071867 +0.089719 +3.108887 -0.081583 
-0.764404 +3.141596 -2.402625 +3.070976 +0.088827 +3.107996 -0.081583 
-0.767500 +3.141598 -2.399529 +3.067879 +0.085730 +3.104899 -0.081583 
-0.768412 +3.141598 -2.398617 +3.066967 +0.084819 +3.103987 -0.081583 
-0.770970 +3.141600 -2.396060 +3.064409 +0.082261 +3.101429 -0.081583 
-0.771381 +3.141600 -2.395648 +3.063998 +0.081849 +3.101018 -0.081583 
-0.773616 +3.141601 -2.393413 +3.061764 +0.079615 +3.098783 -0.081583 
-0.776004 +3.141602 -2.391025 +3.059333 +0.077184 +3.096353 -0.081583 
-0.778175 +3.141602 -2.388855 +3.056971 +0.074823 +3.093991 -0.081583 
-0.780347 +3.141603 -2.386684 +3.054453 +0.072304 +3.091473 -0.081583 
-0.785657 +3.141605 -2.381376 +3.047652 +0.065503 +3.084671 -0.081583 
-0.787587 +3.141606 -2.379446 +3.044927 +0.062778 +3.081947 -0.081583 
-0.790483 +3.141607 -2.376551 +3.040635 +0.058486 +3.077655 -0.081583 
-0.790725 +3.141607 -2.376310 +3.040272 +0.058123 +3.077292 -0.081583 
-0.792897 +3.141608 -2.374139 +3.036832 +0.054684 +3.073852 -0.081583 
-0.795310 +3.141608 -2.371727 +3.032834 +0.050685 +3.069854 -0.081583 
-0.797482 +3.141609 -2.369555 +3.029061 +0.046912 +3.066081 -0.081583 
-0.797723 +3.141609 -2.369314 +3.028640 +0.046491 +3.065660 -0.081583 
-0.802550 +3.141611 -2.364489 +3.019663 +0.037514 +3.056683 -0.081583 
-0.804963 +3.141612 -2.362077 +3.014880 +0.032732 +3.051900 -0.081583 
-0.807377 +3.141613 -2.359664 +3.009902 +0.027753 +3.046922 -0.081583 
-0.818237 +3.141617 -2.348808 +2.985575 +0.002910 +3.022307 -0.081583 
-0.822098 +3.141618 -2.344948 +2.976744 -0.007251 +3.013227 -0.081583 
-0.825235 +3.141620 -2.341812 +2.969570 -0.015590 +3.005849 -0.081583 
-0.828855 +3.141621 -2.338193 +2.961291 -0.025596 +2.997336 -0.081583 
-0.836337 +3.141624 -2.330715 +2.944182 -0.047676 +2.979743 -0.081583 
-0.840439 +3.141625 -2.326613 +2.934800 -0.060602 +2.970095 -0.081583 
-0.844542 +3.141627 -2.322512 +2.925418 -0.074077 +2.960447 -0.081583 
-0.846955 +3.141628 -2.320100 +2.919899 -0.082270 +2.954772 -0.081583 
-0.850817 +3.141629 -2.316240 +2.911068 -0.095774 +2.945691 -0.081583 
-0.858539 +3.141632 -2.308520 +2.893407 -0.124312 +2.927531 -0.081583 
-0.865538 +3.141634 -2.301524 +2.877402 -0.151899 +2.911072 -0.081583 
-0.873019 +3.141637 -2.294045 +2.860293 -0.183229 +2.893479 -0.081583 
-0.877122 +3.141639 -2.289944 +2.850911 -0.201212 +2.883832 -0.081583 
-0.879777 +3.141639 -2.287290 +2.844840 -0.213139 +2.877589 -0.081583 
-0.884603 +3.141641 -2.282465 +2.833802 -0.235444 +2.866238 -0.081583 
-0.888223 +3.141643 -2.278847 +2.825524 -0.252701 +2.857725 -0.081583 
-0.924423 +3.141656 -2.242660 +2.742738 -0.432058 +2.772597 -0.081583 
-0.928043 +3.141657 -2.239041 +2.734460 -0.450025 +2.764084 -0.081583 
-0.932146 +3.141659 -2.234940 +2.725077 -0.470387 +2.754436 -0.081583 
-0.935283 +3.141660 -2.231804 +2.717903 -0.485958 +2.747058 -0.081583 
-0.938903 +3.141661 -2.228185 +2.709624 -0.503925 +2.738546 -0.081583 
-0.942765 +3.141663 -2.224325 +2.700794 -0.523089 +2.729465 -0.081583 
-0.946626 +3.141664 -2.220465 +2.691963 -0.542254 +2.720385 -0.081583 
-0.950246 +3.141665 -2.216846 +2.683685 -0.560220 +2.711872 -0.081583 
-0.953866 +3.141667 -2.213228 +2.675406 -0.578187 +2.703359 -0.081583 
-0.957003 +3.141668 -2.210092 +2.668232 -0.593758 +2.695982 -0.081583 
-0.959658 +3.141669 -2.207438 +2.662161 -0.606934 +2.689739 -0.081583 
-0.963519 +3.141670 -2.203578 +2.653330 -0.626098 +2.680658 -0.081583 
-0.966657 +3.141671 -2.200442 +2.646156 -0.641669 +2.673280 -0.081583 
-0.968105 +3.141672 -2.198994 +2.642844 -0.648856 +2.669875 -0.081583 
-0.969070 +3.141672 -2.198029 +2.640637 -0.653647 +2.667605 -0.081583 
-0.972449 +3.141674 -2.194652 +2.632910 -0.670416 +2.659660 -0.081583 
-0.974379 +3.141674 -2.192722 +2.628495 -0.679998 +2.655120 -0.081583 
-0.981137 +3.141677 -2.185967 +2.613041 -0.713536 +2.639229 -0.081583 
-0.985239 +3.141678 -2.181866 +2.603659 -0.733899 +2.629581 -0.081583 
-0.991755 +3.141681 -2.175352 +2.588758 -0.766239 +2.614258 -0.081583 
-0.996099 +3.141682 -2.171010 +2.578824 -0.787799 +2.604043 -0.081583 
-0.999719 +3.141684 -2.167391 +2.570545 -0.805765 +2.595530 -0.081583 
-1.003098 +3.141685 -2.164014 +2.562819 -0.822534 +2.587585 -0.081583 
-1.006959 +3.141686 -2.160154 +2.553988 -0.841699 +2.578504 -0.081583 
-1.010097 +3.141687 -2.157017 +2.546813 -0.857270 +2.571126 -0.081583 
-1.013717 +3.141689 -2.153399 +2.538535 -0.875237 +2.562614 -0.081583 
-1.017819 +3.141690 -2.149298 +2.529153 -0.895599 +2.552966 -0.081583 
-1.021198 +3.141691 -2.145920 +2.521426 -0.912368 +2.545021 -0.081583 
-1.025059 +3.141693 -2.142060 +2.512595 -0.931532 +2.535940 -0.081583 
-1.028679 +3.141694 -2.138442 +2.504317 -0.949499 +2.527427 -0.081583 
-1.032782 +3.141696 -2.134341 +2.494935 -0.969861 +2.517779 -0.081583 
-1.036402 +3.141697 -2.130722 +2.486656 -0.987828 +2.509267 -0.081583 
-1.041470 +3.141699 -2.125656 +2.475066 -1.012981 +2.497349 -0.081583 
-1.046297 +3.141701 -2.120831 +2.464028 -1.036937 +2.485998 -0.081583 
-1.071154 +3.141710 -2.095982 +2.407182 -1.160308 +2.427543 -0.081583 
-1.073567 +3.141711 -2.093570 +2.401663 -1.172286 +2.421868 -0.081583 
-1.076463 +3.141712 -2.090675 +2.395041 -1.186659 +2.415058 -0.081583 
-1.081773 +3.141714 -2.085367 +2.382899 -1.213011 +2.402572 -0.081583 
-1.085875 +3.141715 -2.081266 +2.373516 -1.233373 +2.392924 -0.081583 
-1.092150 +3.141717 -2.074994 +2.359167 -1.264515 +2.378169 -0.081583 
-1.095770 +3.141719 -2.071375 +2.350888 -1.282482 +2.369656 -0.081583 
-1.099390 +3.141720 -2.067757 +2.342610 -1.300449 +2.361143 -0.081583 
-1.103010 +3.141721 -2.064138 +2.334331 -1.318415 +2.352630 -0.081583 
-1.107113 +3.141723 -2.060037 +2.324949 -1.338778 +2.342983 -0.081583 
-1.110250 +3.141724 -2.056901 +2.317774 -1.354349 +2.335605 -0.081583 
-1.114111 +3.141726 -2.053041 +2.308944 -1.373513 +2.326524 -0.081583 
-1.121351 +3.141728 -2.045803 +2.292387 -1.409447 +2.309499 -0.081583 
-1.124006 +3.141729 -2.043149 +2.286316 -1.422622 +2.303256 -0.081583 
-1.127385 +3.141731 -2.039772 +2.278589 -1.439391 +2.295310 -0.081583 
-1.131246 +3.141732 -2.035912 +2.269759 -1.458556 +2.286230 -0.081583 
-1.135107 +3.141733 -2.032052 +2.260928 -1.477720 +2.277150 -0.081583 
-1.138727 +3.141735 -2.028434 +2.252650 -1.495687 +2.268637 -0.081583 
-1.142830 +3.141736 -2.024332 +2.243268 -1.516049 +2.258989 -0.081583 
-1.150070 +3.141739 -2.017095 +2.226711 -1.551982 +2.241963 -0.081583 
-1.153690 +3.141740 -2.013476 +2.218432 -1.569949 +2.233451 -0.081583 
-1.157310 +3.141742 -2.009857 +2.210154 -1.587916 +2.224938 -0.081583 
-1.160930 +3.141743 -2.006239 +2.201875 -1.605883 +2.216425 -0.081583 
-1.164550 +3.141744 -2.002620 +2.193597 -1.623849 +2.207912 -0.081583 
-1.168170 +3.141745 -1.999002 +2.185318 -1.641816 +2.199399 -0.081583 
-1.170583 +3.141746 -1.996589 +2.179799 -1.653794 +2.193724 -0.081583 
-1.174203 +3.141748 -1.992970 +2.171520 -1.671760 +2.185211 -0.081583 
-1.177341 +3.141749 -1.989834 +2.164346 -1.687332 +2.177833 -0.081583 
-1.180961 +3.141750 -1.986215 +2.156067 -1.705298 +2.169321 -0.081583 
-1.184581 +3.141752 -1.982597 +2.147789 -1.723265 +2.160808 -0.081583 
-1.188442 +3.141753 -1.978737 +2.138958 -1.742429 +2.151727 -0.081583 
-1.191821 +3.141754 -1.975359 +2.131232 -1.759198 +2.143782 -0.081583 
-1.198578 +3.141757 -1.968604 +2.115778 -1.792736 +2.127891 -0.081583 
-1.202922 +3.141758 -1.964262 +2.105844 -1.814296 +2.117676 -0.081583 
-1.206059 +3.141759 -1.961126 +2.098670 -1.829867 +2.110298 -0.081583 
-1.209921 +3.141761 -1.957266 +2.089839 -1.849032 +2.101218 -0.081583 
-1.212817 +3.141762 -1.954371 +2.083216 -1.863405 +2.094408 -0.081583 
-1.216437 +3.141763 -1.950752 +2.074938 -1.881372 +2.085895 -0.081583 
-1.220298 +3.141765 -1.946892 +2.066107 -1.900536 +2.076814 -0.081583 
-1.223918 +3.141766 -1.943274 +2.057829 -1.918503 +2.068301 -0.081583 
-1.227779 +3.141767 -1.939414 +2.048998 -1.937668 +2.059221 -0.081583 
-1.231399 +3.141769 -1.935795 +2.040720 -1.955634 +2.050708 -0.081583 
-1.235261 +3.141770 -1.931935 +2.031889 -1.974799 +2.041628 -0.081583 
-1.238639 +3.141771 -1.928558 +2.024163 -1.991568 +2.033683 -0.081583 
-1.244190 +3.141773 -1.923009 +2.011469 -2.019117 +2.020630 -0.081583 
-1.245155 +3.141774 -1.922044 +2.009261 -2.023908 +2.018359 -0.081583 
-1.253843 +3.141777 -1.913359 +1.989393 -2.067028 +1.997929 -0.081583 
-1.254809 +3.141777 -1.912394 +1.987185 -2.071819 +1.995659 -0.081583 
-1.256257 +3.141778 -1.910947 +1.983874 -2.079006 +1.992253 -0.081583 
-1.269530 +3.141783 -1.897678 +1.953519 -2.144884 +1.961040 -0.081583 
-1.287871 +3.141789 -1.879344 +1.911575 -2.235915 +1.917908 -0.081583 
-1.291733 +3.141791 -1.875484 +1.902744 -2.255079 +1.908828 -0.081583 
-1.295353 +3.141792 -1.871865 +1.894466 -2.273046 +1.900315 -0.081583 
-1.298490 +3.141793 -1.868729 +1.887291 -2.288617 +1.892937 -0.081583 
-1.305971 +3.141796 -1.861250 +1.870182 -2.325748 +1.875344 -0.081583 
-1.309833 +3.141798 -1.857390 +1.861352 -2.344913 +1.866263 -0.081583 
-1.317314 +3.141800 -1.849911 +1.844243 -2.382044 +1.848670 -0.081583 
-1.320210 +3.141801 -1.847017 +1.837620 -2.396417 +1.841860 -0.081583 
-1.323830 +3.141803 -1.843398 +1.829342 -2.414384 +1.833347 -0.081583 
-1.327691 +3.141804 -1.839538 +1.820511 -2.433549 +1.824267 -0.081583 
-1.332035 +3.141806 -1.835195 +1.810577 -2.455109 +1.814051 -0.081583 
-1.335173 +3.141807 -1.832059 +1.803402 -2.470680 +1.806674 -0.081583 
-1.339034 +3.141808 -1.828199 +1.794572 -2.489844 +1.797593 -0.081583 
-1.346033 +3.141811 -1.821203 +1.778567 -2.524580 +1.781135 -0.081583 
-1.349653 +3.141812 -1.817585 +1.770288 -2.542547 +1.772622 -0.081583 
-1.352790 +3.141813 -1.814448 +1.763113 -2.558118 +1.765244 -0.081583 
-1.355203 +3.141814 -1.812036 +1.757594 -2.570096 +1.759569 -0.081583 
-1.357375 +3.141815 -1.809865 +1.752627 -2.580876 +1.754461 -0.081583 
-1.358341 +3.141815 -1.808900 +1.750420 -2.585667 +1.752191 -0.081583 
-1.360030 +3.141816 -1.807211 +1.746556 -2.594051 +1.748219 -0.081583 
-1.362443 +3.141817 -1.804798 +1.741037 -2.606029 +1.742543 -0.081583 
-1.364856 +3.141818 -1.802386 +1.735518 -2.618007 +1.736868 -0.081583 
-1.367270 +3.141819 -1.799974 +1.729999 -2.629985 +1.731193 -0.081583 
-1.369683 +3.141819 -1.797561 +1.724480 -2.641962 +1.725518 -0.081583 
-1.372097 +3.141820 -1.795149 +1.718961 -2.653940 +1.719843 -0.081583 
-1.374027 +3.141821 -1.793219 +1.714546 -2.663522 +1.715302 -0.081583 
-1.408296 +3.141834 -1.758962 +1.636176 -2.833607 +1.634714 -0.081583 
-1.415537 +3.141836 -1.751724 +1.619619 -2.869541 +1.617688 -0.081583 
-1.418674 +3.141837 -1.748588 +1.612444 -2.885112 +1.610311 -0.081583 
-1.422294 +3.141839 -1.744969 +1.604166 -2.903079 +1.601798 -0.081583 
-1.425914 +3.141840 -1.741351 +1.595887 -2.921045 +1.593285 -0.081583 
-1.429775 +3.141841 -1.737491 +1.587057 -2.940210 +1.584205 -0.081583 
-1.433637 +3.141843 -1.733631 +1.578226 -2.959374 +1.575124 -0.081583 
-1.436291 +3.141844 -1.730977 +1.572156 -2.972550 +1.568882 -0.081583 
-1.440394 +3.141845 -1.726876 +1.562773 -2.992912 +1.559234 -0.081583 
-1.444014 +3.141847 -1.723257 +1.554495 -3.010879 +1.550721 -0.081583 
-1.447151 +3.141848 -1.720121 +1.547320 -3.026450 +1.543343 -0.081583 
-1.451012 +3.141849 -1.716261 +1.538490 -3.045614 +1.534263 -0.081583 
-1.454150 +3.141850 -1.713125 +1.531315 -3.061185 +1.526885 -0.081583 
-1.458735 +3.141852 -1.708541 +1.520829 -3.083943 +1.516102 -0.081583 
-1.461390 +3.141853 -1.705888 +1.514758 -3.097119 +1.509859 -0.081583 
-1.463803 +3.141854 -1.703475 +1.509239 -3.109097 +1.504184 -0.081583 
-1.466216 +3.141855 -1.701063 +1.503720 -3.121074 +1.498509 -0.081583 
-1.469836 +3.141856 -1.697444 +1.495441 -3.139041 +1.489996 -0.081583 
-1.472974 +3.141857 -1.694308 +1.488267 -3.154612 +1.482618 -0.081583 
-1.477559 +3.141859 -1.689724 +1.477780 -3.177370 +1.471835 -0.081583 
-1.480938 +3.141860 -1.686347 +1.470054 -3.194139 +1.463890 -0.081583 
-1.487454 +3.141863 -1.679833 +1.455153 -3.226479 +1.448567 -0.081583 
-1.491074 +3.141864 -1.676214 +1.446874 -3.244446 +1.440054 -0.081583 
-1.495901 +3.141866 -1.671389 +1.435836 -3.268401 +1.428703 -0.081583 
-1.502416 +3.141868 -1.664876 +1.420935 -3.300741 +1.413380 -0.081583 
-1.506278 +3.141870 -1.661016 +1.412104 -3.319906 +1.404300 -0.081583 
-1.509415 +3.141871 -1.657880 +1.404929 -3.335477 +1.396922 -0.081583 
-1.512070 +3.141872 -1.655226 +1.398859 -3.348653 +1.390679 -0.081583 
-1.517620 +3.141874 -1.649677 +1.386165 -3.376202 +1.377626 -0.081583 
-1.520758 +3.141875 -1.646541 +1.378990 -3.391773 +1.370249 -0.081583 
-1.527515 +3.141877 -1.639786 +1.363537 -3.425311 +1.354358 -0.081583 
-1.530653 +3.141879 -1.636650 +1.356362 -3.440882 +1.346980 -0.081583 
-1.534755 +3.141880 -1.632549 +1.346980 -3.461244 +1.337332 -0.081583 
-1.538616 +3.141881 -1.628689 +1.338149 -3.480408 +1.328252 -0.081583 
-1.543443 +3.141883 -1.623864 +1.327111 -3.504364 +1.316902 -0.081583 
-1.548994 +3.141885 -1.618315 +1.314418 -3.531913 +1.303849 -0.081583 
-1.552855 +3.141887 -1.614455 +1.305587 -3.551078 +1.294768 -0.081583 
-1.556716 +3.141888 -1.610595 +1.296757 -3.570242 +1.285688 -0.081583 
-1.560578 +3.141890 -1.606736 +1.287926 -3.589406 +1.276607 -0.081583 
-1.563956 +3.141891 -1.603358 +1.280200 -3.606175 +1.268662 -0.081583 
-1.567818 +3.141892 -1.599498 +1.271369 -3.625340 +1.259582 -0.081583 
-1.569990 +3.141893 -1.597327 +1.266402 -3.636120 +1.254474 -0.081583 
-1.573851 +3.141894 -1.593467 +1.257572 -3.655284 +1.245394 -0.081583 
-1.577712 +3.141896 -1.589607 +1.248741 -3.674449 +1.236313 -0.081583 
-1.581091 +3.141897 -1.586230 +1.241015 -3.691218 +1.228368 -0.081583 
-1.584711 +3.141898 -1.582611 +1.232736 -3.709184 +1.219855 -0.081583 
-1.588573 +3.141900 -1.578751 +1.223906 -3.728349 +1.210775 -0.081583 
-1.591951 +3.141901 -1.575374 +1.216179 -3.745118 +1.202829 -0.081583 
-1.595088 +3.141902 -1.572237 +1.209005 -3.760689 +1.195452 -0.081583 
-1.598950 +3.141904 -1.568377 +1.200174 -3.779854 +1.186371 -0.081583 
-1.602570 +3.141905 -1.564759 +1.191895 -3.797820 +1.177858 -0.081583 
-1.606190 +3.141906 -1.561140 +1.183617 -3.815787 +1.169346 -0.081583 
-1.609568 +3.141907 -1.557763 +1.175890 -3.832556 +1.161400 -0.081583 
-1.612464 +3.141909 -1.554868 +1.169268 -3.846929 +1.154590 -0.081583 
-1.615843 +3.141910 -1.551490 +1.161541 -3.863698 +1.146645 -0.081583 
-1.619463 +3.141911 -1.547872 +1.153262 -3.881665 +1.138132 -0.081583 
-1.622359 +3.141912 -1.544977 +1.146640 -3.896038 +1.131322 -0.081583 
-1.628634 +3.141914 -1.538704 +1.132290 -3.927181 +1.116566 -0.081583 
-1.632736 +3.141916 -1.534603 +1.122908 -3.947543 +1.106918 -0.081583 
-1.636115 +3.141917 -1.531226 +1.115181 -3.964312 +1.098973 -0.081583 
-1.639976 +3.141919 -1.527366 +1.106351 -3.983476 +1.089893 -0.081583 
-1.644079 +3.141920 -1.523264 +1.096969 -4.003839 +1.080245 -0.081583 
-1.647699 +3.141922 -1.519646 +1.088690 -4.021805 +1.071732 -0.081583 
-1.654456 +3.141924 -1.512891 +1.073237 -4.055343 +1.055841 -0.081583 
-1.657835 +3.141925 -1.509513 +1.065510 -4.072112 +1.047896 -0.081583 
-1.661696 +3.141927 -1.505654 +1.056680 -4.091276 +1.038815 -0.081583 
-1.676176 +3.141932 -1.491179 +1.023566 -4.163143 +1.004764 -0.081583 
-1.678590 +3.141933 -1.488766 +1.018047 -4.175121 +0.999089 -0.081583 
-1.678590 +3.141933 -1.488766 +1.018047 -4.175121 +0.999089 -0.081583 
-1.680762 +3.141934 -1.486595 +1.013080 -4.185901 +0.993981 -0.081583 
-1.684864 +3.141935 -1.482494 +1.003697 -4.206263 +0.984333 -0.081583 
-1.688243 +3.141936 -1.479116 +0.995971 -4.223032 +0.976388 -0.081583 
-1.708032 +3.141944 -1.459334 +0.950715 -4.321250 +0.929851 -0.081583 
-1.712135 +3.141945 -1.455233 +0.941332 -4.341612 +0.920203 -0.081583 
-1.715755 +3.141947 -1.451614 +0.933054 -4.359579 +0.911690 -0.081583 
-1.719375 +3.141948 -1.447996 +0.924775 -4.377546 +0.903178 -0.081583 
-1.723719 +3.141949 -1.443653 +0.914841 -4.399106 +0.892962 -0.081583 
-1.726856 +3.141951 -1.440517 +0.907666 -4.414677 +0.885584 -0.081583 
-1.730718 +3.141952 -1.436657 +0.898836 -4.433842 +0.876504 -0.081583 
-1.738199 +3.141955 -1.429179 +0.881727 -4.470973 +0.858911 -0.081583 
-1.742060 +3.141956 -1.425319 +0.872897 -4.490137 +0.849831 -0.081583 
-1.745439 +3.141957 -1.421941 +0.865170 -4.506906 +0.841885 -0.081583 
-1.749059 +3.141959 -1.418322 +0.856892 -4.524873 +0.833372 -0.081583 
-1.753162 +3.141960 -1.414221 +0.847509 -4.545235 +0.823724 -0.081583 
-1.756299 +3.141961 -1.411085 +0.840334 -4.560806 +0.816347 -0.081583 
-1.759919 +3.141963 -1.407466 +0.832056 -4.578773 +0.807834 -0.081583 
-1.763780 +3.141964 -1.403606 +0.823226 -4.597938 +0.798753 -0.081583 
-1.769814 +3.141966 -1.397575 +0.809428 -4.627882 +0.784565 -0.081583 
-1.772468 +3.141967 -1.394922 +0.803357 -4.641057 +0.778323 -0.081583 
-1.772710 +3.141967 -1.394680 +0.802805 -4.642255 +0.777755 -0.081583 
-1.776330 +3.141969 -1.391062 +0.794527 -4.660222 +0.769242 -0.081583 
-1.779226 +3.141970 -1.388167 +0.787904 -4.674595 +0.762432 -0.081583 
-1.781639 +3.141971 -1.385754 +0.782385 -4.686573 +0.756757 -0.081583 
-1.784294 +3.141972 -1.383101 +0.776314 -4.699749 +0.750514 -0.081583 
-1.788155 +3.141973 -1.379241 +0.767483 -4.718913 +0.741434 -0.081583 
-1.795395 +3.141976 -1.372003 +0.750926 -4.754847 +0.724408 -0.081583 
-1.799015 +3.141977 -1.368385 +0.742648 -4.772813 +0.715895 -0.081583 
-1.803118 +3.141979 -1.364283 +0.733266 -4.793176 +0.706247 -0.081583 
-1.806979 +3.141980 -1.360423 +0.724435 -4.812340 +0.697167 -0.081583 
-1.813736 +3.141982 -1.353669 +0.708982 -4.845878 +0.681276 -0.081583 
-1.817356 +3.141984 -1.350050 +0.700703 -4.863844 +0.672763 -0.081583 
-1.821459 +3.141985 -1.345949 +0.691321 -4.884207 +0.663116 -0.081583 
-1.825079 +3.141987 -1.342330 +0.683043 -4.902174 +0.654603 -0.081583 
-1.828940 +3.141988 -1.338470 +0.674212 -4.921338 +0.645522 -0.081583 
-1.832560 +3.141989 -1.334851 +0.665934 -4.939305 +0.637010 -0.081583 
-1.835698 +3.141990 -1.331715 +0.658759 -4.954876 +0.629632 -0.081583 
-1.850660 +3.141996 -1.316758 +0.624541 -5.029138 +0.594445 -0.081583 
-1.854763 +3.141998 -1.312657 +0.615159 -5.049500 +0.584797 -0.081583 
-1.855728 +3.141998 -1.311692 +0.612951 -5.054292 +0.582527 -0.081583 
-1.858383 +3.141999 -1.309038 +0.606880 -5.067467 +0.576285 -0.081583 
-1.862244 +3.142000 -1.305178 +0.598050 -5.086632 +0.567204 -0.081583 
-1.865864 +3.142002 -1.301559 +0.589771 -5.104599 +0.558691 -0.081583 
-1.872622 +3.142004 -1.294805 +0.574318 -5.138136 +0.542801 -0.081583 
-1.879620 +3.142007 -1.287808 +0.558313 -5.172872 +0.526343 -0.081583 
-1.887343 +3.142009 -1.280089 +0.540652 -5.211201 +0.508182 -0.081583 
-1.894100 +3.142012 -1.273334 +0.525199 -5.244739 +0.492291 -0.081583 
-1.901340 +3.142015 -1.266096 +0.508642 -5.280672 +0.475266 -0.081583 
-1.905443 +3.142016 -1.261995 +0.499259 -5.301034 +0.465618 -0.081583 
-1.909063 +3.142017 -1.258376 +0.490981 -5.319001 +0.457105 -0.081583 
-1.912442 +3.142019 -1.254999 +0.483254 -5.335770 +0.449160 -0.081583 
-1.916303 +3.142020 -1.251139 +0.474424 -5.354935 +0.440079 -0.081583 
-1.931507 +3.142026 -1.235941 +0.439654 -5.430395 +0.404325 -0.081583 
-1.933679 +3.142026 -1.233769 +0.434687 -5.441175 +0.399218 -0.081583 
-1.940678 +3.142029 -1.226773 +0.418682 -5.475910 +0.382759 -0.081583 
-1.944056 +3.142030 -1.223396 +0.410955 -5.492679 +0.374814 -0.081583 
-1.947194 +3.142031 -1.220260 +0.403781 -5.508250 +0.367436 -0.081583 
-1.950090 +3.142032 -1.217365 +0.397158 -5.522624 +0.360626 -0.081583 
-1.953710 +3.142034 -1.213746 +0.388879 -5.540590 +0.352113 -0.081583 
-1.958536 +3.142035 -1.208921 +0.377841 -5.564546 +0.340763 -0.081583 
-1.965535 +3.142038 -1.201925 +0.361836 -5.599282 +0.324305 -0.081583 
-1.972292 +3.142041 -1.195170 +0.346383 -5.632820 +0.308414 -0.081583 
-1.978084 +3.142043 -1.189380 +0.333137 -5.661566 +0.294793 -0.081583 
-1.980980 +3.142044 -1.186485 +0.326514 -5.675940 +0.287983 -0.081583 
-1.984118 +3.142045 -1.183349 +0.319340 -5.691511 +0.280605 -0.081583 
-1.991116 +3.142048 -1.176353 +0.303335 -5.726246 +0.264147 -0.081583 
-1.994012 +3.142049 -1.173458 +0.296712 -5.740620 +0.257337 -0.081583 
-1.998839 +3.142050 -1.168633 +0.285674 -5.764575 +0.245986 -0.081583 
-2.001976 +3.142051 -1.165497 +0.278499 -5.780147 +0.238609 -0.081583 
-2.002942 +3.142052 -1.164532 +0.276291 -5.784937 +0.236339 -0.081583 
-2.006803 +3.142053 -1.160672 +0.267461 -5.804102 +0.227258 -0.081583 
-2.009216 +3.142054 -1.158259 +0.261942 -5.816080 +0.221583 -0.081583 
-2.012595 +3.142056 -1.154882 +0.254215 -5.832849 +0.213638 -0.081583 
-2.016215 +3.142057 -1.151263 +0.245937 -5.850718 +0.205125 -0.081583 
-2.022007 +3.142059 -1.145473 +0.232691 -5.878472 +0.191504 -0.081583 
-2.029488 +3.142062 -1.137995 +0.215582 -5.912644 +0.173911 -0.081583 
-2.036728 +3.142064 -1.130757 +0.199025 -5.943926 +0.156885 -0.081583 
-2.040348 +3.142066 -1.127139 +0.190747 -5.958910 +0.148373 -0.081583 
-2.043727 +3.142067 -1.123761 +0.183020 -5.972493 +0.140427 -0.081583 
-2.048071 +3.142068 -1.119419 +0.173086 -5.989408 +0.130212 -0.081583 
-2.050484 +3.142069 -1.117006 +0.167567 -5.998522 +0.124537 -0.081583 
-2.054104 +3.142071 -1.113388 +0.159288 -6.011801 +0.116024 -0.081583 
-2.057724 +3.142072 -1.109769 +0.151010 -6.024688 +0.107511 -0.081583 
-2.065206 +3.142075 -1.102290 +0.133901 -6.049864 +0.089918 -0.081583 
-2.069550 +3.142076 -1.097948 +0.123967 -6.063623 +0.079702 -0.081583 
-2.073170 +3.142078 -1.094329 +0.115688 -6.074590 +0.071190 -0.081583 
-2.076548 +3.142079 -1.090952 +0.107961 -6.084448 +0.063244 -0.081583 
-2.079444 +3.142080 -1.088057 +0.101339 -6.092602 +0.056434 -0.081583 
-2.085236 +3.142082 -1.082267 +0.088093 -6.108007 +0.042813 -0.081583 
-2.087891 +3.142083 -1.079613 +0.082022 -6.114701 +0.036571 -0.081583 
-2.088856 +3.142083 -1.078648 +0.079814 -6.117092 +0.034301 -0.081583 
-2.090546 +3.142084 -1.076959 +0.075951 -6.121159 +0.030328 -0.081583 
-2.097062 +3.142087 -1.070446 +0.061279 -6.136006 +0.015524 -0.081583 
-2.100923 +3.142088 -1.066586 +0.053145 -6.144140 +0.007390 -0.081583 
-2.104302 +3.142089 -1.063208 +0.046461 -6.150824 +0.000706 -0.081583 
-2.108163 +3.142091 -1.059348 +0.039268 -6.158017 -0.006887 -0.081583 
-2.115403 +3.142093 -1.052111 +0.027155 -6.170130 -0.019000 -0.081583 
-2.119264 +3.142095 -1.048251 +0.021432 -6.175853 -0.024723 -0.081583 
-2.122643 +3.142096 -1.044874 +0.016806 -6.180479 -0.029349 -0.081583 
-2.130365 +3.142099 -1.037155 +0.007712 -6.189573 -0.038443 -0.081583 
-2.136634 +3.142101 -1.030886 +0.001401 -6.195884 -0.044754 -0.081583 
-2.139202 +3.142102 -1.028318 -0.001567 -6.198452 -0.047322 -0.081583 
-2.141838 +3.142104 -1.025682 -0.004203 -6.201088 -0.049958 -0.081583 
-2.143759 +3.142105 -1.023761 -0.006124 -6.203009 -0.051879 -0.081583 
-2.145278 +3.142107 -1.022242 -0.007643 -6.204528 -0.053398 -0.081583 
-2.146052 +3.142108 -1.021468 -0.008417 -6.205302 -0.054172 -0.081583 
-2.146199 +3.142108 -1.021321 -0.008564 -6.205449 -0.054319 -0.081583 
-2.146424 +3.142109 -1.021096 -0.008789 -6.205674 -0.054544 -0.081583 
-2.146610 +3.142110 -1.020909 -0.008976 -6.205861 -0.054731 -0.081583 
-2.146366 +3.142109 -1.021154 -0.008731 -6.205616 -0.054486 -0.081583 
-2.144719 +3.142106 -1.022801 -0.007084 -6.203969 -0.052839 -0.081583 
-2.143112 +3.142105 -1.024408 -0.005477 -6.202362 -0.051232 -0.081583 
-2.141103 +3.142103 -1.026417 -0.003468 -6.200353 -0.049223 -0.081583 
-2.138516 +3.142102 -1.029004 -0.000881 -6.197766 -0.046636 -0.081583 
-2.135605 +3.142101 -1.031915 +0.002430 -6.194855 -0.043725 -0.081583 
-2.132528 +3.142099 -1.034992 +0.005507 -6.191778 -0.040648 -0.081583 
-2.125056 +3.142097 -1.042461 +0.013749 -6.183536 -0.032406 -0.081583 
-2.121678 +3.142096 -1.045839 +0.018100 -6.179185 -0.028055 -0.081583 
-2.113714 +3.142092 -1.053800 +0.029831 -6.167454 -0.016324 -0.081583 
-2.110576 +3.142091 -1.056936 +0.035034 -6.162251 -0.011121 -0.081583 
-2.103336 +3.142089 -1.064173 +0.048323 -6.148962 +0.002568 -0.081583 
-2.100199 +3.142087 -1.067310 +0.054644 -6.142641 +0.008889 -0.081583 
-2.096579 +3.142086 -1.070928 +0.062318 -6.134967 +0.016563 -0.081583 
-2.094166 +3.142085 -1.073341 +0.067688 -6.129597 +0.021933 -0.081583 
-2.091752 +3.142084 -1.075753 +0.073192 -6.124031 +0.027499 -0.081583 
-2.089580 +3.142084 -1.077924 +0.078159 -6.118846 +0.032598 -0.081583 
-2.089339 +3.142084 -1.078166 +0.078711 -6.118268 +0.033166 -0.081583 
-2.087650 +3.142083 -1.079854 +0.082574 -6.114103 +0.037138 -0.081583 
-2.081134 +3.142081 -1.086368 +0.097475 -6.097198 +0.052461 -0.081583 
-2.077755 +3.142079 -1.089746 +0.105202 -6.087869 +0.060407 -0.081583 
-2.073894 +3.142078 -1.093605 +0.114032 -6.076736 +0.069487 -0.081583 
-2.070274 +3.142076 -1.097224 +0.122311 -6.065848 +0.078000 -0.081583 
-2.066412 +3.142075 -1.101084 +0.131141 -6.053735 +0.087080 -0.081583 
-2.063034 +3.142074 -1.104462 +0.138868 -6.042739 +0.095025 -0.081583 
-2.058931 +3.142072 -1.108563 +0.148250 -6.028853 +0.104673 -0.081583 
-2.051691 +3.142070 -1.115800 +0.164807 -6.002981 +0.121699 -0.081583 
-2.044934 +3.142067 -1.122555 +0.180261 -5.977246 +0.137590 -0.081583 
-2.040831 +3.142066 -1.126656 +0.189643 -5.960890 +0.147238 -0.081583 
-2.036970 +3.142064 -1.130516 +0.198473 -5.944936 +0.156318 -0.081583 
-2.033832 +3.142063 -1.133652 +0.205648 -5.931637 +0.163696 -0.081583 
-2.029971 +3.142062 -1.137512 +0.214478 -5.914781 +0.172776 -0.081583 
-2.026592 +3.142061 -1.140890 +0.222205 -5.899650 +0.180721 -0.081583 
-2.024179 +3.142060 -1.143302 +0.227724 -5.888596 +0.186397 -0.081583 
-2.017904 +3.142057 -1.149575 +0.242073 -5.858921 +0.201152 -0.081583 
-2.012595 +3.142056 -1.154882 +0.254215 -5.832849 +0.213638 -0.081583 
-2.009699 +3.142054 -1.157777 +0.260838 -5.818475 +0.220448 -0.081583 
-2.007044 +3.142053 -1.160431 +0.266909 -5.805300 +0.226691 -0.081583 
-2.000770 +3.142051 -1.166703 +0.281258 -5.774158 +0.241446 -0.081583 
-1.997632 +3.142050 -1.169839 +0.288433 -5.758586 +0.248824 -0.081583 
-1.995219 +3.142049 -1.172252 +0.293952 -5.746609 +0.254499 -0.081583 
-1.993530 +3.142048 -1.173940 +0.297816 -5.738224 +0.258472 -0.081583 
-1.990634 +3.142047 -1.176835 +0.304438 -5.723851 +0.265282 -0.081583 
-1.987979 +3.142046 -1.179489 +0.310509 -5.710675 +0.271525 -0.081583 
-1.984600 +3.142045 -1.182866 +0.318236 -5.693906 +0.279470 -0.081583 
-1.980739 +3.142044 -1.186726 +0.327066 -5.674742 +0.288551 -0.081583 
-1.978084 +3.142043 -1.189380 +0.333137 -5.661566 +0.294793 -0.081583 
-1.974223 +3.142041 -1.193240 +0.341968 -5.642402 +0.303874 -0.081583 
-1.970362 +3.142040 -1.197100 +0.350798 -5.623237 +0.312954 -0.081583 
-1.966500 +3.142039 -1.200960 +0.359628 -5.604073 +0.322035 -0.081583 
-1.958778 +3.142036 -1.208680 +0.377289 -5.565744 +0.340195 -0.081583 
-1.955399 +3.142035 -1.212057 +0.385016 -5.548975 +0.348141 -0.081583 
-1.948159 +3.142032 -1.219295 +0.401573 -5.513041 +0.365166 -0.081583 
-1.944780 +3.142030 -1.222672 +0.409300 -5.496273 +0.373112 -0.081583 
-1.933438 +3.142026 -1.234011 +0.435239 -5.439977 +0.399785 -0.081583 
-1.926922 +3.142024 -1.240524 +0.450140 -5.407637 +0.415108 -0.081583 
-1.920406 +3.142022 -1.247038 +0.465042 -5.375297 +0.430431 -0.081583 
-1.915579 +3.142020 -1.251863 +0.476080 -5.351341 +0.441782 -0.081583 
-1.913166 +3.142019 -1.254275 +0.481599 -5.339363 +0.447457 -0.081583 
-1.913166 +3.142019 -1.254275 +0.481599 -5.339363 +0.447457 -0.081583 
-1.912683 +3.142019 -1.254758 +0.482702 -5.336968 +0.448592 -0.081583 
-1.910752 +3.142018 -1.256688 +0.487118 -5.327385 +0.453132 -0.081583 
-1.908339 +3.142017 -1.259100 +0.492637 -5.315408 +0.458807 -0.081583 
-1.905926 +3.142016 -1.261513 +0.498156 -5.303430 +0.464483 -0.081583 
-1.905926 +3.142016 -1.261513 +0.498156 -5.303430 +0.464483 -0.081583 
-1.903512 +3.142015 -1.263925 +0.503675 -5.291452 +0.470158 -0.081583 
-1.901099 +3.142015 -1.266338 +0.509194 -5.279474 +0.475833 -0.081583 
-1.893135 +3.142012 -1.274299 +0.527406 -5.239948 +0.494561 -0.081583 
-1.886136 +3.142009 -1.281295 +0.543412 -5.205212 +0.511020 -0.081583 
-1.882516 +3.142008 -1.284913 +0.551690 -5.187245 +0.519532 -0.081583 
-1.878655 +3.142006 -1.288773 +0.560521 -5.168081 +0.528613 -0.081583 
-1.871415 +3.142004 -1.296011 +0.577078 -5.132147 +0.545638 -0.081583 
-1.867554 +3.142002 -1.299871 +0.585908 -5.112983 +0.554719 -0.081583 
-1.860072 +3.141999 -1.307349 +0.603017 -5.075852 +0.572312 -0.081583 
-1.852591 +3.141997 -1.314828 +0.620126 -5.038721 +0.589905 -0.081583 
-1.848971 +3.141995 -1.318447 +0.628404 -5.020754 +0.598418 -0.081583 
-1.845351 +3.141994 -1.322065 +0.636683 -5.002787 +0.606931 -0.081583 
-1.841972 +3.141993 -1.325443 +0.644410 -4.986018 +0.614876 -0.081583 
-1.838352 +3.141991 -1.329062 +0.652688 -4.968051 +0.623389 -0.081583 
-1.834491 +3.141990 -1.332921 +0.661518 -4.948887 +0.632469 -0.081583 
-1.831354 +3.141989 -1.336058 +0.668693 -4.933316 +0.639847 -0.081583 
-1.827010 +3.141987 -1.340400 +0.678627 -4.911756 +0.650063 -0.081583 
-1.822907 +3.141986 -1.344501 +0.688010 -4.891394 +0.659710 -0.081583 
-1.820011 +3.141985 -1.347396 +0.694633 -4.877020 +0.666521 -0.081583 
-1.817115 +3.141984 -1.350291 +0.701255 -4.862647 +0.673331 -0.081583 
-1.814702 +3.141983 -1.352704 +0.706774 -4.850669 +0.679006 -0.081583 
-1.811806 +3.141982 -1.355599 +0.713397 -4.836296 +0.685816 -0.081583 
-1.809392 +3.141981 -1.358011 +0.718916 -4.824318 +0.691492 -0.081583 
-1.806496 +3.141980 -1.360906 +0.725539 -4.809945 +0.698302 -0.081583 
-1.798774 +3.141977 -1.368626 +0.743200 -4.771616 +0.716463 -0.081583 
-1.791775 +3.141974 -1.375622 +0.759205 -4.736880 +0.732921 -0.081583 
-1.789120 +3.141973 -1.378276 +0.765276 -4.723704 +0.739164 -0.081583 
-1.785018 +3.141972 -1.382377 +0.774658 -4.703342 +0.748811 -0.081583 
-1.777778 +3.141969 -1.389614 +0.791215 -4.667408 +0.765837 -0.081583 
-1.774158 +3.141968 -1.393233 +0.799494 -4.649442 +0.774350 -0.081583 
-1.769814 +3.141966 -1.397575 +0.809428 -4.627882 +0.784565 -0.081583 
-1.762815 +3.141964 -1.404571 +0.825433 -4.593146 +0.801024 -0.081583 
-1.758712 +3.141962 -1.408673 +0.834815 -4.572784 +0.810671 -0.081583 
-1.755334 +3.141961 -1.412050 +0.842542 -4.556015 +0.818617 -0.081583 
-1.748335 +3.141958 -1.419046 +0.858547 -4.521279 +0.835075 -0.081583 
-1.744474 +3.141957 -1.422906 +0.867378 -4.502115 +0.844155 -0.081583 
-1.743750 +3.141957 -1.423630 +0.869033 -4.498522 +0.845858 -0.081583 
-1.741819 +3.141956 -1.425560 +0.873449 -4.488939 +0.850398 -0.081583 
-1.735544 +3.141954 -1.431832 +0.887798 -4.457797 +0.865154 -0.081583 
-1.728787 +3.141951 -1.438587 +0.903251 -4.424259 +0.881044 -0.081583 
-1.724926 +3.141950 -1.442447 +0.912082 -4.405095 +0.890125 -0.081583 
-1.720823 +3.141948 -1.446548 +0.921464 -4.384733 +0.899772 -0.081583 
-1.717203 +3.141947 -1.450167 +0.929742 -4.366766 +0.908285 -0.081583 
-1.709722 +3.141944 -1.457646 +0.946851 -4.329635 +0.925879 -0.081583 
-1.702964 +3.141942 -1.464400 +0.962305 -4.296097 +0.941769 -0.081583 
-1.695483 +3.141939 -1.471879 +0.979414 -4.258965 +0.959362 -0.081583 
-1.691863 +3.141938 -1.475498 +0.987692 -4.240999 +0.967875 -0.081583 
-1.688002 +3.141936 -1.479358 +0.996523 -4.221834 +0.976956 -0.081583 
-1.681003 +3.141934 -1.486354 +1.012528 -4.187099 +0.993414 -0.081583 
-1.677142 +3.141932 -1.490214 +1.021358 -4.167934 +1.002494 -0.081583 
-1.671832 +3.141930 -1.495521 +1.033500 -4.141583 +1.014979 -0.081583 
-1.666282 +3.141928 -1.501070 +1.046194 -4.114034 +1.028033 -0.081583 
-1.662179 +3.141927 -1.505171 +1.055576 -4.093672 +1.037680 -0.081583 
-1.656870 +3.141925 -1.510478 +1.067718 -4.067321 +1.050166 -0.081583 
-1.653732 +3.141924 -1.513615 +1.074893 -4.051750 +1.057544 -0.081583 
-1.650112 +3.141922 -1.517233 +1.083171 -4.033783 +1.066056 -0.081583 
-1.643355 +3.141920 -1.523988 +1.098624 -4.000245 +1.081947 -0.081583 
-1.639252 +3.141918 -1.528089 +1.108007 -3.979883 +1.091595 -0.081583 
-1.636115 +3.141917 -1.531226 +1.115181 -3.964312 +1.098973 -0.081583 
-1.632254 +3.141916 -1.535086 +1.124012 -3.945147 +1.108053 -0.081583 
-1.628392 +3.141914 -1.538945 +1.132842 -3.925983 +1.117134 -0.081583 
-1.621394 +3.141912 -1.545942 +1.148847 -3.891247 +1.133592 -0.081583 
-1.617291 +3.141910 -1.550043 +1.158230 -3.870885 +1.143240 -0.081583 
-1.613671 +3.141909 -1.553661 +1.166508 -3.852918 +1.151752 -0.081583 
-1.605948 +3.141906 -1.561381 +1.184169 -3.814589 +1.169913 -0.081583 
-1.602570 +3.141905 -1.564759 +1.191895 -3.797820 +1.177858 -0.081583 
-1.599432 +3.141904 -1.567895 +1.199070 -3.782249 +1.185236 -0.081583 
-1.595571 +3.141902 -1.571755 +1.207901 -3.763085 +1.194317 -0.081583 
-1.591951 +3.141901 -1.575374 +1.216179 -3.745118 +1.202829 -0.081583 
-1.588573 +3.141900 -1.578751 +1.223906 -3.728349 +1.210775 -0.081583 
-1.585676 +3.141899 -1.581646 +1.230529 -3.713976 +1.217585 -0.081583 
-1.583022 +3.141898 -1.584300 +1.236600 -3.700800 +1.223828 -0.081583 
-1.580367 +3.141897 -1.586953 +1.242670 -3.687624 +1.230071 -0.081583 
-1.577712 +3.141896 -1.589607 +1.248741 -3.674449 +1.236313 -0.081583 
-1.573851 +3.141894 -1.593467 +1.257572 -3.655284 +1.245394 -0.081583 
-1.570472 +3.141893 -1.596844 +1.265298 -3.638515 +1.253339 -0.081583 
-1.568059 +3.141892 -1.599257 +1.270817 -3.626538 +1.259014 -0.081583 
-1.565646 +3.141891 -1.601669 +1.276336 -3.614560 +1.264689 -0.081583 
-1.563232 +3.141891 -1.604082 +1.281855 -3.602582 +1.270365 -0.081583 
-1.561060 +3.141890 -1.606253 +1.286823 -3.591802 +1.275472 -0.081583 
-1.555992 +3.141888 -1.611319 +1.298412 -3.566649 +1.287390 -0.081583 
-1.552372 +3.141886 -1.614938 +1.306691 -3.548682 +1.295903 -0.081583 
-1.548511 +3.141885 -1.618798 +1.315521 -3.529517 +1.304983 -0.081583 
-1.541030 +3.141882 -1.626276 +1.332630 -3.492386 +1.322577 -0.081583 
-1.537169 +3.141881 -1.630136 +1.341461 -3.473222 +1.331657 -0.081583 
-1.533548 +3.141880 -1.633755 +1.349739 -3.455255 +1.340170 -0.081583 
-1.526550 +3.141877 -1.640751 +1.365744 -3.420520 +1.356628 -0.081583 
-1.522930 +3.141876 -1.644370 +1.374023 -3.402553 +1.365141 -0.081583 
-1.519068 +3.141874 -1.648230 +1.382853 -3.383388 +1.374221 -0.081583 
-1.511587 +3.141871 -1.655708 +1.399962 -3.346257 +1.391814 -0.081583 
-1.507726 +3.141870 -1.659568 +1.408793 -3.327093 +1.400895 -0.081583 
-1.499762 +3.141867 -1.667530 +1.427006 -3.287566 +1.419623 -0.081583 
-1.496624 +3.141866 -1.670666 +1.434180 -3.271995 +1.427001 -0.081583 
-1.493004 +3.141865 -1.674284 +1.442459 -3.254028 +1.435514 -0.081583 
-1.486971 +3.141862 -1.680316 +1.456256 -3.224083 +1.449702 -0.081583 
-1.484075 +3.141861 -1.683210 +1.462879 -3.209710 +1.456512 -0.081583 
-1.483593 +3.141861 -1.683693 +1.463983 -3.207314 +1.457647 -0.081583 
-1.481179 +3.141860 -1.686105 +1.469502 -3.195337 +1.463322 -0.081583 
-1.477318 +3.141859 -1.689965 +1.478332 -3.176172 +1.472403 -0.081583 
-1.473939 +3.141858 -1.693343 +1.486059 -3.159403 +1.480348 -0.081583 
-1.470078 +3.141856 -1.697203 +1.494889 -3.140239 +1.489428 -0.081583 
-1.466458 +3.141855 -1.700822 +1.503168 -3.122272 +1.497941 -0.081583 
-1.458735 +3.141852 -1.708541 +1.520829 -3.083943 +1.516102 -0.081583 
-1.451254 +3.141849 -1.716020 +1.537938 -3.046812 +1.533695 -0.081583 
-1.444255 +3.141847 -1.723016 +1.553943 -3.012076 +1.550153 -0.081583 
-1.436774 +3.141844 -1.730495 +1.571052 -2.974945 +1.567747 -0.081583 
-1.433154 +3.141843 -1.734113 +1.579330 -2.956979 +1.576259 -0.081583 
-1.429775 +3.141841 -1.737491 +1.587057 -2.940210 +1.584205 -0.081583 
-1.425914 +3.141840 -1.741351 +1.595887 -2.921045 +1.593285 -0.081583 
-1.422776 +3.141839 -1.744487 +1.603062 -2.905474 +1.600663 -0.081583 
-1.418915 +3.141838 -1.748347 +1.611892 -2.886310 +1.609743 -0.081583 
-1.416019 +3.141836 -1.751242 +1.618515 -2.871936 +1.616553 -0.081583 
-1.412882 +3.141835 -1.754378 +1.625690 -2.856365 +1.623931 -0.081583 
-1.410710 +3.141834 -1.756549 +1.630657 -2.845585 +1.629039 -0.081583 
-1.407090 +3.141833 -1.760168 +1.638936 -2.827618 +1.637552 -0.081583 
-1.406366 +3.141833 -1.760892 +1.640591 -2.824025 +1.639254 -0.081583 
-1.405642 +3.141833 -1.761615 +1.642247 -2.820432 +1.640957 -0.081583 
-1.403952 +3.141832 -1.763304 +1.646110 -2.812047 +1.644930 -0.081583 
-1.396713 +3.141829 -1.770542 +1.662667 -2.776114 +1.661955 -0.081583 
-1.388507 +3.141826 -1.778744 +1.681432 -2.735389 +1.681251 -0.081583 
-1.384887 +3.141825 -1.782363 +1.689710 -2.717422 +1.689764 -0.081583 
-1.377406 +3.141822 -1.789841 +1.706819 -2.680291 +1.707357 -0.081583 
-1.374269 +3.141821 -1.792977 +1.713994 -2.664720 +1.714735 -0.081583 
-1.366787 +3.141818 -1.800456 +1.731103 -2.627589 +1.732328 -0.081583 
-1.363167 +3.141817 -1.804075 +1.739382 -2.609622 +1.740841 -0.081583 
-1.359306 +3.141816 -1.807935 +1.748212 -2.590458 +1.749921 -0.081583 
-1.355686 +3.141814 -1.811553 +1.756491 -2.572491 +1.758434 -0.081583 
-1.352548 +3.141813 -1.814690 +1.763665 -2.556920 +1.765812 -0.081583 
-1.345309 +3.141810 -1.821927 +1.780222 -2.520987 +1.782838 -0.081583 
-1.341447 +3.141809 -1.825787 +1.789053 -2.501822 +1.791918 -0.081583 
-1.333966 +3.141806 -1.833266 +1.806162 -2.464691 +1.809511 -0.081583 
-1.331553 +3.141805 -1.835678 +1.811681 -2.452713 +1.815186 -0.081583 
-1.326967 +3.141804 -1.840262 +1.822167 -2.429955 +1.825969 -0.081583 
-1.324554 +3.141803 -1.842674 +1.827686 -2.417978 +1.831645 -0.081583 
-1.324313 +3.141803 -1.842915 +1.828238 -2.416780 +1.832212 -0.081583 
-1.317797 +3.141800 -1.849429 +1.843139 -2.384440 +1.847535 -0.081583 
-1.317073 +3.141800 -1.850153 +1.844795 -2.380846 +1.849238 -0.081583 
-1.313453 +3.141799 -1.853771 +1.853073 -2.362880 +1.857751 -0.081583 
-1.309833 +3.141798 -1.857390 +1.861352 -2.344913 +1.866263 -0.081583 
-1.305730 +3.141796 -1.861491 +1.870734 -2.324551 +1.875911 -0.081583 
-1.302593 +3.141795 -1.864627 +1.877909 -2.308980 +1.883289 -0.081583 
-1.298731 +3.141793 -1.868487 +1.886739 -2.289815 +1.892369 -0.081583 
-1.295353 +3.141792 -1.871865 +1.894466 -2.273046 +1.900315 -0.081583 
-1.288113 +3.141789 -1.879102 +1.911023 -2.237113 +1.917340 -0.081583 
-1.284010 +3.141788 -1.883203 +1.920405 -2.216750 +1.926988 -0.081583 
-1.280631 +3.141787 -1.886581 +1.928132 -2.199981 +1.934934 -0.081583 
-1.276770 +3.141785 -1.890441 +1.936962 -2.180817 +1.944014 -0.081583 
-1.273150 +3.141784 -1.894059 +1.945241 -2.162850 +1.952527 -0.081583 
-1.265669 +3.141781 -1.901538 +1.962350 -2.125719 +1.970120 -0.081583 
-1.257946 +3.141778 -1.909258 +1.980011 -2.087390 +1.988281 -0.081583 
-1.254567 +3.141777 -1.912635 +1.987737 -2.070621 +1.996226 -0.081583 
-1.250947 +3.141776 -1.916254 +1.996016 -2.052655 +2.004739 -0.081583 
-1.249499 +3.141775 -1.917702 +1.999327 -2.045468 +2.008144 -0.081583 
-1.247086 +3.141774 -1.920114 +2.004846 -2.033490 +2.013819 -0.081583 
-1.244673 +3.141773 -1.922526 +2.010365 -2.021512 +2.019495 -0.081583 
-1.242983 +3.141773 -1.924215 +2.014229 -2.013128 +2.023467 -0.081583 
-1.238881 +3.141771 -1.928316 +2.023611 -1.992766 +2.033115 -0.081583 
-1.232606 +3.141769 -1.934589 +2.037960 -1.961623 +2.047871 -0.081583 
-1.228745 +3.141768 -1.938449 +2.046791 -1.942459 +2.056951 -0.081583 
-1.224883 +3.141766 -1.942309 +2.055621 -1.923294 +2.066031 -0.081583 
-1.221263 +3.141765 -1.945927 +2.063900 -1.905328 +2.074544 -0.081583 
-1.217402 +3.141763 -1.949787 +2.072730 -1.886163 +2.083625 -0.081583 
-1.210645 +3.141761 -1.956542 +2.088183 -1.852625 +2.099515 -0.081583 
-1.206542 +3.141760 -1.960643 +2.097566 -1.832263 +2.109163 -0.081583 
-1.202681 +3.141758 -1.964503 +2.106396 -1.813098 +2.118243 -0.081583 
-1.199061 +3.141757 -1.968122 +2.114675 -1.795132 +2.126756 -0.081583 
-1.195199 +3.141755 -1.971982 +2.123505 -1.775967 +2.135837 -0.081583 
-1.188442 +3.141753 -1.978737 +2.138958 -1.742429 +2.151727 -0.081583 
-1.184581 +3.141752 -1.982597 +2.147789 -1.723265 +2.160808 -0.081583 
-1.180719 +3.141750 -1.986457 +2.156619 -1.704100 +2.169888 -0.081583 
-1.176858 +3.141749 -1.990317 +2.165450 -1.684936 +2.178968 -0.081583 
-1.170825 +3.141747 -1.996348 +2.179247 -1.654992 +2.193156 -0.081583 
-1.167687 +3.141745 -1.999484 +2.186422 -1.639420 +2.200534 -0.081583 
-1.167205 +3.141745 -1.999966 +2.187526 -1.637025 +2.201669 -0.081583 
-1.165033 +3.141744 -2.002138 +2.192493 -1.626245 +2.206777 -0.081583 
-1.160689 +3.141743 -2.006480 +2.202427 -1.604685 +2.216992 -0.081583 
-1.155379 +3.141741 -2.011787 +2.214569 -1.578334 +2.229478 -0.081583 
-1.151035 +3.141739 -2.016130 +2.224503 -1.556774 +2.239693 -0.081583 
-1.148139 +3.141738 -2.019025 +2.231126 -1.542400 +2.246504 -0.081583 
-1.144278 +3.141737 -2.022885 +2.239956 -1.523236 +2.255584 -0.081583 
-1.138486 +3.141735 -2.028675 +2.253202 -1.494489 +2.269204 -0.081583 
-1.137038 +3.141734 -2.030122 +2.256513 -1.487302 +2.272610 -0.081583 
-1.133177 +3.141733 -2.033982 +2.265344 -1.468138 +2.281690 -0.081583 
-1.129557 +3.141731 -2.037601 +2.273622 -1.450171 +2.290203 -0.081583 
-1.125213 +3.141730 -2.041943 +2.283556 -1.428611 +2.300418 -0.081583 
-1.122075 +3.141729 -2.045079 +2.290731 -1.413040 +2.307796 -0.081583 
-1.114835 +3.141726 -2.052317 +2.307288 -1.377107 +2.324822 -0.081583 
-1.107595 +3.141723 -2.059554 +2.323845 -1.341173 +2.341847 -0.081583 
-1.103975 +3.141722 -2.063173 +2.332124 -1.323206 +2.350360 -0.081583 
-1.100114 +3.141721 -2.067033 +2.340954 -1.304042 +2.359441 -0.081583 
-1.092874 +3.141718 -2.074270 +2.357511 -1.268108 +2.376466 -0.081583 
-1.088771 +3.141716 -2.078371 +2.366894 -1.247746 +2.386114 -0.081583 
-1.085151 +3.141715 -2.081990 +2.375172 -1.229779 +2.394627 -0.081583 
-1.077670 +3.141712 -2.089469 +2.392281 -1.192648 +2.412220 -0.081583 
-1.074050 +3.141711 -2.093087 +2.400559 -1.174682 +2.420733 -0.081583 
-1.073326 +3.141711 -2.093811 +2.402215 -1.171088 +2.422436 -0.081583 
-1.073326 +3.141711 -2.093811 +2.402215 -1.171088 +2.422436 -0.081583 
-1.068258 +3.141709 -2.098877 +2.413805 -1.145935 +2.434354 -0.081583 
-1.061259 +3.141706 -2.105873 +2.429810 -1.111199 +2.450812 -0.081583 
-1.058605 +3.141705 -2.108527 +2.435881 -1.098024 +2.457054 -0.081583 
-1.055226 +3.141704 -2.111905 +2.443608 -1.081255 +2.465000 -0.081583 
-1.051365 +3.141703 -2.115764 +2.452438 -1.062090 +2.474080 -0.081583 
-1.047745 +3.141701 -2.119383 +2.460717 -1.044124 +2.482593 -0.081583 
-1.043883 +3.141700 -2.123243 +2.469547 -1.024959 +2.491673 -0.081583 
-1.036402 +3.141697 -2.130722 +2.486656 -0.987828 +2.509267 -0.081583 
-1.032299 +3.141695 -2.134823 +2.496038 -0.967466 +2.518914 -0.081583 
-1.028679 +3.141694 -2.138442 +2.504317 -0.949499 +2.527427 -0.081583 
-1.024577 +3.141693 -2.142543 +2.513699 -0.929137 +2.537075 -0.081583 
-1.021198 +3.141691 -2.145920 +2.521426 -0.912368 +2.545021 -0.081583 
-1.017578 +3.141690 -2.149539 +2.529704 -0.894401 +2.553533 -0.081583 
-1.010097 +3.141687 -2.157017 +2.546813 -0.857270 +2.571126 -0.081583 
-1.006718 +3.141686 -2.160395 +2.554540 -0.840501 +2.579072 -0.081583 
-1.003098 +3.141685 -2.164014 +2.562819 -0.822534 +2.587585 -0.081583 
-0.999719 +3.141684 -2.167391 +2.570545 -0.805765 +2.595530 -0.081583 
-0.996582 +3.141682 -2.170527 +2.577720 -0.790194 +2.602908 -0.081583 
-0.993686 +3.141681 -2.173422 +2.584343 -0.775821 +2.609718 -0.081583 
-0.993686 +3.141681 -2.173422 +2.584343 -0.775821 +2.609718 -0.081583 
-0.991273 +3.141680 -2.175835 +2.589862 -0.763843 +2.615393 -0.081583 
-0.988859 +3.141680 -2.178247 +2.595381 -0.751865 +2.621068 -0.081583 
-0.984033 +3.141678 -2.183072 +2.606419 -0.727910 +2.632419 -0.081583 
-0.981619 +3.141677 -2.185485 +2.611938 -0.715932 +2.638094 -0.081583 
-0.978482 +3.141676 -2.188621 +2.619112 -0.700361 +2.645472 -0.081583 
-0.972931 +3.141674 -2.194170 +2.631806 -0.672812 +2.658525 -0.081583 
-0.967139 +3.141672 -2.199959 +2.645052 -0.644065 +2.672146 -0.081583 
-0.964726 +3.141671 -2.202372 +2.650571 -0.632087 +2.677821 -0.081583 
-0.963761 +3.141670 -2.203337 +2.652778 -0.627296 +2.680091 -0.081583 
-0.957969 +3.141668 -2.209127 +2.666024 -0.598549 +2.693711 -0.081583 
-0.955073 +3.141667 -2.212022 +2.672647 -0.584176 +2.700522 -0.081583 
-0.953625 +3.141667 -2.213469 +2.675958 -0.576989 +2.703927 -0.081583 
-0.951453 +3.141666 -2.215640 +2.680925 -0.566209 +2.709034 -0.081583 
-0.950246 +3.141665 -2.216846 +2.683685 -0.560220 +2.711872 -0.081583 
-0.945419 +3.141664 -2.221671 +2.694723 -0.536265 +2.723222 -0.081583 
-0.937697 +3.141661 -2.229391 +2.712384 -0.497936 +2.741383 -0.081583 
-0.931181 +3.141659 -2.235905 +2.727285 -0.465596 +2.756706 -0.081583 
-0.927319 +3.141657 -2.239765 +2.736115 -0.446431 +2.765787 -0.081583 
-0.923699 +3.141656 -2.243384 +2.744394 -0.428465 +2.774300 -0.081583 
-0.919838 +3.141654 -2.247244 +2.753224 -0.409300 +2.783380 -0.081583 
-0.915977 +3.141653 -2.251103 +2.762055 -0.390136 +2.792460 -0.081583 
-0.912115 +3.141651 -2.254963 +2.770885 -0.370971 +2.801541 -0.081583 
-0.908978 +3.141650 -2.258100 +2.778060 -0.355400 +2.808918 -0.081583 
-0.901497 +3.141648 -2.265578 +2.795169 -0.318269 +2.826512 -0.081583 
-0.897153 +3.141646 -2.269921 +2.805103 -0.296709 +2.836727 -0.081583 
-0.893774 +3.141645 -2.273298 +2.812830 -0.279940 +2.844672 -0.081583 
-0.890154 +3.141643 -2.276917 +2.821108 -0.262070 +2.853185 -0.081583 
-0.886534 +3.141642 -2.280535 +2.829387 -0.244597 +2.861698 -0.081583 
-0.883155 +3.141641 -2.283913 +2.837113 -0.228682 +2.869643 -0.081583 
-0.880501 +3.141640 -2.286567 +2.843184 -0.216441 +2.875886 -0.081583 
-0.875674 +3.141638 -2.291392 +2.854222 -0.194803 +2.887237 -0.081583 
-0.873743 +3.141637 -2.293322 +2.858638 -0.186375 +2.891777 -0.081583 
-0.873019 +3.141637 -2.294045 +2.860293 -0.183229 +2.893479 -0.081583 
-0.869158 +3.141636 -2.297905 +2.869124 -0.166844 +2.902560 -0.081583 
-0.865779 +3.141634 -2.301283 +2.876850 -0.152888 +2.910505 -0.081583 
-0.863366 +3.141634 -2.303695 +2.882369 -0.143167 +2.916180 -0.081583 
-0.860953 +3.141633 -2.306108 +2.887888 -0.133641 +2.921855 -0.081583 
-0.858539 +3.141632 -2.308520 +2.893407 -0.124312 +2.927531 -0.081583 
-0.856126 +3.141631 -2.310932 +2.898926 -0.115178 +2.933206 -0.081583 
-0.852989 +3.141630 -2.314069 +2.906101 -0.103604 +2.940584 -0.081583 
-0.850575 +3.141629 -2.316481 +2.911620 -0.094921 +2.946259 -0.081583 
-0.842853 +3.141626 -2.324201 +2.929281 -0.068461 +2.964420 -0.081583 
-0.840198 +3.141625 -2.326855 +2.935352 -0.059828 +2.970662 -0.081583 
-0.836337 +3.141624 -2.330715 +2.944182 -0.047676 +2.979743 -0.081583 
-0.829097 +3.141621 -2.337952 +2.960739 -0.026272 +2.996768 -0.081583 
-0.825235 +3.141620 -2.341812 +2.969570 -0.015590 +3.005849 -0.081583 
-0.821374 +3.141618 -2.345672 +2.978400 -0.005398 +3.014929 -0.081583 
-0.817030 +3.141617 -2.350014 +2.988334 +0.005880 +3.025145 -0.081583 
-0.813651 +3.141615 -2.353392 +2.996060 +0.013876 +3.033045 -0.081583 
-0.806411 +3.141613 -2.360629 +3.011901 +0.029752 +3.048921 -0.081583 
-0.802309 +3.141611 -2.364730 +3.020123 +0.037975 +3.057143 -0.081583 
-0.798689 +3.141610 -2.368349 +3.026895 +0.044746 +3.063915 -0.081583 
-0.795310 +3.141608 -2.371727 +3.032834 +0.050685 +3.069854 -0.081583 
-0.792173 +3.141608 -2.374863 +3.037979 +0.055830 +3.074999 -0.081583 
-0.788553 +3.141606 -2.378481 +3.043535 +0.061387 +3.080555 -0.081583 
-0.785657 +3.141605 -2.381376 +3.047652 +0.065503 +3.084671 -0.081583 
-0.780830 +3.141603 -2.386201 +3.053884 +0.071736 +3.090904 -0.081583 
-0.778899 +3.141603 -2.388131 +3.056158 +0.074009 +3.093178 -0.081583 
-0.776486 +3.141602 -2.390544 +3.058824 +0.076675 +3.095844 -0.081583 
-0.773390 +3.141601 -2.393639 +3.061989 +0.079840 +3.099009 -0.081583 
-0.768598 +3.141598 -2.398431 +3.066781 +0.084632 +3.103801 -0.081583 
-0.766168 +3.141597 -2.400862 +3.069211 +0.087063 +3.106231 -0.081583 
-0.766168 +3.141597 -2.400862 +3.069211 +0.087063 +3.106231 -0.081583 
-0.764276 +3.141596 -2.402753 +3.071103 +0.088954 +3.108123 -0.081583 
-0.761914 +3.141594 -2.405115 +3.073465 +0.091316 +3.110485 -0.081583 
-0.760954 +3.141593 -2.406075 +3.074425 +0.092276 +3.111445 -0.081583 
-0.760219 +3.141592 -2.406810 +3.075160 +0.093011 +3.112180 -0.081583 
-0.760170 +3.141592 -2.406859 +3.075209 +0.093060 +3.112229 -0.081583 
-0.759788 +3.141591 -2.407241 +3.075591 +0.093443 +3.112611 -0.081583 
-0.760033 +3.141592 -2.406996 +3.075346 +0.093198 +3.112366 -0.081583 
-0.761160 +3.141593 -2.405869 +3.074219 +0.092071 +3.111239 -0.081583 
-0.761473 +3.141594 -2.405555 +3.073906 +0.091757 +3.110926 -0.081583 
-0.762934 +3.141595 -2.404095 +3.072445 +0.090297 +3.109465 -0.081583 
-0.765854 +3.141597 -2.401175 +3.069525 +0.087376 +3.106545 -0.081583 
-0.770352 +3.141599 -2.396677 +3.065027 +0.082878 +3.102047 -0.081583 
-0.771381 +3.141600 -2.395648 +3.063998 +0.081849 +3.101018 -0.081583 
-0.773616 +3.141601 -2.393413 +3.061764 +0.079615 +3.098783 -0.081583 
-0.780589 +3.141603 -2.386442 +3.054168 +0.072020 +3.091188 -0.081583 
-0.783243 +3.141604 -2.383789 +3.050866 +0.068717 +3.087886 -0.081583 
-0.785657 +3.141605 -2.381376 +3.047652 +0.065503 +3.084671 -0.081583 
-0.787829 +3.141606 -2.379205 +3.044584 +0.062435 +3.081604 -0.081583 
-0.790483 +3.141607 -2.376551 +3.040635 +0.058486 +3.077655 -0.081583 
-0.792897 +3.141608 -2.374139 +3.036832 +0.054684 +3.073852 -0.081583 
-0.797482 +3.141609 -2.369555 +3.029061 +0.046912 +3.066081 -0.081583 
-0.805446 +3.141612 -2.361594 +3.013900 +0.031752 +3.050920 -0.081583 
-0.812686 +3.141615 -2.354357 +2.998266 +0.016111 +3.035280 -0.081583 
-0.816547 +3.141616 -2.350497 +2.989438 +0.007036 +3.026280 -0.081583 
-0.820167 +3.141618 -2.346878 +2.981160 -0.002311 +3.017767 -0.081583 
-0.824029 +3.141619 -2.343018 +2.972329 -0.012347 +3.008686 -0.081583 
-0.826925 +3.141620 -2.340123 +2.965706 -0.020187 +3.001876 -0.081583 
-0.834647 +3.141623 -2.332403 +2.948045 -0.042531 +2.983715 -0.081583 
-0.838750 +3.141624 -2.328302 +2.938663 -0.055202 +2.974067 -0.081583 
-0.842129 +3.141626 -2.324925 +2.930937 -0.066080 +2.966122 -0.081583 
-0.845990 +3.141627 -2.321065 +2.922106 -0.078957 +2.957042 -0.081583 
-0.853713 +3.141630 -2.313345 +2.904445 -0.106240 +2.938881 -0.081583 
-0.856850 +3.141631 -2.310209 +2.897271 -0.117912 +2.931503 -0.081583 
-0.862159 +3.141633 -2.304901 +2.885129 -0.138394 +2.919018 -0.081583 
-0.865297 +3.141634 -2.301765 +2.877954 -0.150928 +2.911640 -0.081583 
-0.867951 +3.141635 -2.299111 +2.871883 -0.161797 +2.905397 -0.081583 
-0.870123 +3.141636 -2.296940 +2.866916 -0.170881 +2.900290 -0.081583 
-0.872537 +3.141637 -2.294528 +2.861397 -0.181152 +2.894614 -0.081583 
-0.874226 +3.141638 -2.292839 +2.857534 -0.188472 +2.890642 -0.081583 
-0.876639 +3.141639 -2.290426 +2.852015 -0.199076 +2.884966 -0.081583 
-0.882190 +3.141640 -2.284878 +2.839321 -0.224193 +2.871913 -0.081583 
-0.884845 +3.141641 -2.282224 +2.833250 -0.236571 +2.865671 -0.081583 
-0.888947 +3.141643 -2.278123 +2.823868 -0.256200 +2.856023 -0.081583 
-0.892567 +3.141644 -2.274504 +2.815589 -0.273952 +2.847510 -0.081583 
-0.896670 +3.141646 -2.270403 +2.806207 -0.294313 +2.837862 -0.081583 
-0.900049 +3.141647 -2.267026 +2.798480 -0.311082 +2.829917 -0.081583 
-0.903669 +3.141648 -2.263407 +2.790202 -0.329049 +2.821404 -0.081583 
-0.907771 +3.141650 -2.259306 +2.780819 -0.349411 +2.811756 -0.081583 
-0.914046 +3.141652 -2.253033 +2.766470 -0.380553 +2.797000 -0.081583 
-0.918390 +3.141654 -2.248691 +2.756536 -0.402113 +2.786785 -0.081583 
-0.921769 +3.141655 -2.245314 +2.748809 -0.418882 +2.778840 -0.081583 
-0.925871 +3.141656 -2.241212 +2.739427 -0.439245 +2.769192 -0.081583 
-0.932387 +3.141659 -2.234699 +2.724526 -0.471585 +2.753869 -0.081583 
-0.939869 +3.141662 -2.227220 +2.707417 -0.508716 +2.736276 -0.081583 
-0.944695 +3.141663 -2.222395 +2.696379 -0.532671 +2.724925 -0.081583 
-0.947350 +3.141665 -2.219742 +2.690308 -0.545847 +2.718682 -0.081583 
-0.949763 +3.141665 -2.217329 +2.684789 -0.557825 +2.713007 -0.081583 
-0.949763 +3.141665 -2.217329 +2.684789 -0.557825 +2.713007 -0.081583 
-0.952418 +3.141666 -2.214675 +2.678718 -0.571000 +2.706764 -0.081583 
-0.958451 +3.141669 -2.208644 +2.664920 -0.600945 +2.692576 -0.081583 
-0.961589 +3.141670 -2.205508 +2.657746 -0.616516 +2.685199 -0.081583 
-0.964243 +3.141671 -2.202854 +2.651675 -0.629692 +2.678956 -0.081583 
-0.967863 +3.141672 -2.199236 +2.643396 -0.647658 +2.670443 -0.081583 
-0.971001 +3.141673 -2.196099 +2.636221 -0.663230 +2.663065 -0.081583 
-0.973173 +3.141674 -2.193928 +2.631254 -0.674010 +2.657958 -0.081583 
-0.976310 +3.141675 -2.190792 +2.624079 -0.689581 +2.650580 -0.081583 
-0.978723 +3.141676 -2.188380 +2.618561 -0.701558 +2.644904 -0.081583 
-0.981137 +3.141677 -2.185967 +2.613041 -0.713536 +2.639229 -0.081583 
-0.983550 +3.141678 -2.183555 +2.607522 -0.725514 +2.633554 -0.081583 
-0.986929 +3.141679 -2.180177 +2.599796 -0.742283 +2.625609 -0.081583 
-0.989101 +3.141680 -2.178006 +2.594829 -0.753063 +2.620501 -0.081583 
-0.995375 +3.141682 -2.171734 +2.580479 -0.784205 +2.605745 -0.081583 
-0.999478 +3.141684 -2.167632 +2.571097 -0.804568 +2.596097 -0.081583 
-1.002615 +3.141685 -2.164496 +2.563922 -0.820139 +2.588720 -0.081583 
-1.010338 +3.141687 -2.156776 +2.546262 -0.858468 +2.570559 -0.081583 
-1.014199 +3.141689 -2.152916 +2.537431 -0.877632 +2.561479 -0.081583 
-1.019991 +3.141691 -2.147126 +2.524185 -0.906379 +2.547858 -0.081583 
-1.023611 +3.141692 -2.143508 +2.515907 -0.924346 +2.539345 -0.081583 
-1.027473 +3.141694 -2.139648 +2.507077 -0.943510 +2.530265 -0.081583 
-1.031575 +3.141695 -2.135547 +2.497694 -0.963872 +2.520617 -0.081583 
-1.034954 +3.141696 -2.132169 +2.489968 -0.980641 +2.512672 -0.081583 
-1.038815 +3.141698 -2.128309 +2.481137 -0.999806 +2.503591 -0.081583 
-1.044849 +3.141700 -2.122278 +2.467340 -1.029750 +2.489403 -0.081583 
-1.047986 +3.141701 -2.119142 +2.460165 -1.045321 +2.482025 -0.081583 
-1.051123 +3.141702 -2.116006 +2.452990 -1.060893 +2.474648 -0.081583 
-1.054985 +3.141704 -2.112146 +2.444160 -1.080057 +2.465567 -0.081583 
-1.061018 +3.141706 -2.106115 +2.430362 -1.110002 +2.451379 -0.081583 
-1.064155 +3.141707 -2.102978 +2.423187 -1.125573 +2.444001 -0.081583 
-1.071637 +3.141710 -2.095500 +2.406079 -1.162704 +2.426408 -0.081583 
-1.074774 +3.141711 -2.092364 +2.398904 -1.178275 +2.419030 -0.081583 
-1.078394 +3.141712 -2.088745 +2.390625 -1.196242 +2.410518 -0.081583 
-1.080083 +3.141713 -2.087056 +2.386762 -1.204626 +2.406545 -0.081583 
-1.086841 +3.141716 -2.080301 +2.371309 -1.238164 +2.390654 -0.081583 
-1.092874 +3.141718 -2.074270 +2.357511 -1.268108 +2.376466 -0.081583 
-1.096494 +3.141719 -2.070652 +2.349233 -1.286075 +2.367954 -0.081583 
-1.101321 +3.141721 -2.065827 +2.338195 -1.310031 +2.356603 -0.081583 
-1.105665 +3.141722 -2.061484 +2.328260 -1.331591 +2.346388 -0.081583 
-1.108561 +3.141724 -2.058589 +2.321638 -1.345964 +2.339577 -0.081583 
-1.111457 +3.141725 -2.055694 +2.315015 -1.360338 +2.332767 -0.081583 
-1.115801 +3.141726 -2.051352 +2.305081 -1.381898 +2.322552 -0.081583 
-1.116766 +3.141726 -2.050387 +2.302873 -1.386689 +2.320282 -0.081583 
-1.118697 +3.141727 -2.048457 +2.298458 -1.396271 +2.315741 -0.081583 
-1.124489 +3.141729 -2.042667 +2.285212 -1.425018 +2.302121 -0.081583 
-1.131005 +3.141732 -2.036153 +2.270311 -1.457358 +2.286798 -0.081583 
-1.134625 +3.141733 -2.032535 +2.262032 -1.475325 +2.278285 -0.081583 
-1.138727 +3.141735 -2.028434 +2.252650 -1.495687 +2.268637 -0.081583 
-1.141865 +3.141736 -2.025297 +2.245475 -1.511258 +2.261259 -0.081583 
-1.149587 +3.141739 -2.017577 +2.227814 -1.549587 +2.243098 -0.081583 
-1.157069 +3.141741 -2.010099 +2.210706 -1.586718 +2.225505 -0.081583 
-1.160206 +3.141742 -2.006963 +2.203531 -1.602289 +2.218127 -0.081583 
-1.164067 +3.141744 -2.003103 +2.194700 -1.621454 +2.209047 -0.081583 
-1.171549 +3.141747 -1.995624 +2.177591 -1.658585 +2.191454 -0.081583 
-1.175410 +3.141748 -1.991764 +2.168761 -1.677749 +2.182374 -0.081583 
-1.179513 +3.141750 -1.987663 +2.159379 -1.698112 +2.172726 -0.081583 
-1.185787 +3.141752 -1.981390 +2.145029 -1.729254 +2.157970 -0.081583 
-1.189649 +3.141753 -1.977531 +2.136199 -1.748418 +2.148890 -0.081583 
-1.193510 +3.141755 -1.973671 +2.127368 -1.767583 +2.139809 -0.081583 
-1.193510 +3.141755 -1.973671 +2.127368 -1.767583 +2.139809 -0.081583 
-1.197854 +3.141756 -1.969328 +2.117434 -1.789143 +2.129594 -0.081583 
-1.199061 +3.141757 -1.968122 +2.114675 -1.795132 +2.126756 -0.081583 
-1.205335 +3.141759 -1.961850 +2.100325 -1.826274 +2.112001 -0.081583 
-1.210886 +3.141761 -1.956301 +2.087631 -1.853823 +2.098948 -0.081583 
-1.214265 +3.141762 -1.952924 +2.079905 -1.870592 +2.091002 -0.081583 
-1.217643 +3.141764 -1.949546 +2.072178 -1.887361 +2.083057 -0.081583 
-1.224642 +3.141766 -1.942550 +2.056173 -1.922096 +2.066599 -0.081583 
-1.230193 +3.141768 -1.937001 +2.043479 -1.949645 +2.053546 -0.081583 
-1.233330 +3.141769 -1.933865 +2.036305 -1.965217 +2.046168 -0.081583 
-1.236709 +3.141771 -1.930488 +2.028578 -1.981985 +2.038223 -0.081583 
-1.243466 +3.141773 -1.923733 +2.013125 -2.015523 +2.022332 -0.081583 
-1.247327 +3.141774 -1.919873 +2.004294 -2.034688 +2.013252 -0.081583 
-1.251913 +3.141776 -1.915289 +1.993808 -2.057446 +2.002469 -0.081583 
-1.259635 +3.141779 -1.907569 +1.976147 -2.095775 +1.984308 -0.081583 
-1.262290 +3.141780 -1.904916 +1.970076 -2.108950 +1.978065 -0.081583 
-1.265669 +3.141781 -1.901538 +1.962350 -2.125719 +1.970120 -0.081583 
-1.266875 +3.141782 -1.900332 +1.959590 -2.131708 +1.967282 -0.081583 
-1.268323 +3.141782 -1.898884 +1.956279 -2.138895 +1.963877 -0.081583 
-1.270737 +3.141783 -1.896472 +1.950760 -2.150872 +1.958202 -0.081583 
-1.277977 +3.141786 -1.889235 +1.934203 -2.186806 +1.941176 -0.081583 
-1.281838 +3.141787 -1.885375 +1.925372 -2.205970 +1.932096 -0.081583 
-1.288595 +3.141790 -1.878620 +1.909919 -2.239508 +1.916205 -0.081583 
-1.291974 +3.141791 -1.875242 +1.902192 -2.256277 +1.908260 -0.081583 
-1.296077 +3.141792 -1.871141 +1.892810 -2.276639 +1.898612 -0.081583 
-1.299697 +3.141794 -1.867522 +1.884532 -2.294606 +1.890099 -0.081583 
-1.303558 +3.141795 -1.863662 +1.875701 -2.313771 +1.881019 -0.081583 
-1.310074 +3.141798 -1.857149 +1.860800 -2.346111 +1.865696 -0.081583 
-1.313935 +3.141799 -1.853289 +1.851969 -2.365275 +1.856615 -0.081583 
-1.317797 +3.141800 -1.849429 +1.843139 -2.384440 +1.847535 -0.081583 
-1.321416 +3.141802 -1.845810 +1.834861 -2.402406 +1.839022 -0.081583 
-1.325278 +3.141803 -1.841950 +1.826030 -2.421571 +1.829942 -0.081583 
-1.329381 +3.141805 -1.837849 +1.816648 -2.441933 +1.820294 -0.081583 
-1.332277 +3.141806 -1.834954 +1.810025 -2.456306 +1.813484 -0.081583 
-1.335896 +3.141807 -1.831336 +1.801746 -2.474273 +1.804971 -0.081583 
-1.338310 +3.141808 -1.828923 +1.796227 -2.486251 +1.799296 -0.081583 
-1.340723 +3.141809 -1.826511 +1.790708 -2.498229 +1.793620 -0.081583 
-1.345791 +3.141811 -1.821444 +1.779119 -2.523382 +1.781703 -0.081583 
-1.347963 +3.141811 -1.819273 +1.774151 -2.534162 +1.776595 -0.081583 
-1.350859 +3.141813 -1.816378 +1.767529 -2.548536 +1.769785 -0.081583 
-1.354238 +3.141814 -1.813001 +1.759802 -2.565305 +1.761839 -0.081583 
-1.359547 +3.141816 -1.807693 +1.747660 -2.591655 +1.749354 -0.081583 
-1.362443 +3.141817 -1.804798 +1.741037 -2.606029 +1.742543 -0.081583 
-1.368718 +3.141819 -1.798526 +1.726688 -2.637171 +1.727788 -0.081583 
-1.374510 +3.141821 -1.792736 +1.713442 -2.665918 +1.714167 -0.081583 
-1.376923 +3.141822 -1.790324 +1.707923 -2.677896 +1.708492 -0.081583 
-1.380785 +3.141824 -1.786464 +1.699093 -2.697060 +1.699412 -0.081583 
-1.384163 +3.141825 -1.783086 +1.691366 -2.713829 +1.691466 -0.081583 
-1.386577 +3.141826 -1.780674 +1.685847 -2.725807 +1.685791 -0.081583 
-1.388266 +3.141826 -1.778985 +1.681984 -2.734191 +1.681818 -0.081583 
-1.391403 +3.141827 -1.775849 +1.674809 -2.749763 +1.674441 -0.081583 
-1.393816 +3.141828 -1.773437 +1.669290 -2.761740 +1.668766 -0.081583 
-1.397678 +3.141830 -1.769577 +1.660460 -2.780905 +1.659685 -0.081583 
-1.405159 +3.141832 -1.762098 +1.643351 -2.818036 +1.642092 -0.081583 
-1.408538 +3.141834 -1.758721 +1.635624 -2.834805 +1.634147 -0.081583 
-1.412158 +3.141835 -1.755102 +1.627346 -2.852772 +1.625634 -0.081583 
-1.415778 +3.141836 -1.751483 +1.619067 -2.870738 +1.617121 -0.081583 
-1.419639 +3.141838 -1.747623 +1.610237 -2.889903 +1.608041 -0.081583 
-1.423259 +3.141839 -1.744004 +1.601958 -2.907870 +1.599528 -0.081583 
-1.427121 +3.141840 -1.740145 +1.593128 -2.927034 +1.590447 -0.081583 
-1.431223 +3.141842 -1.736043 +1.583745 -2.947396 +1.580799 -0.081583 
-1.434602 +3.141843 -1.732666 +1.576019 -2.964165 +1.572854 -0.081583 
-1.438222 +3.141845 -1.729047 +1.567740 -2.982132 +1.564341 -0.081583 
-1.442325 +3.141846 -1.724946 +1.558358 -3.002494 +1.554693 -0.081583 
-1.446186 +3.141848 -1.721086 +1.549528 -3.021659 +1.545613 -0.081583 
-1.449806 +3.141849 -1.717467 +1.541249 -3.039625 +1.537100 -0.081583 
-1.453667 +3.141850 -1.713608 +1.532419 -3.058790 +1.528020 -0.081583 
-1.456563 +3.141851 -1.710713 +1.525796 -3.073163 +1.521210 -0.081583 
-1.460425 +3.141853 -1.706853 +1.516965 -3.092328 +1.512129 -0.081583 
-1.465251 +3.141855 -1.702028 +1.505927 -3.116283 +1.500779 -0.081583 
-1.468630 +3.141856 -1.698650 +1.498201 -3.133052 +1.492833 -0.081583 
-1.470802 +3.141856 -1.696479 +1.493234 -3.143832 +1.487726 -0.081583 
-1.471043 +3.141857 -1.696238 +1.492682 -3.145030 +1.487158 -0.081583 
-1.475628 +3.141858 -1.691654 +1.482196 -3.167788 +1.476375 -0.081583 
-1.479007 +3.141860 -1.688277 +1.474469 -3.184557 +1.468430 -0.081583 
-1.486730 +3.141862 -1.680557 +1.456808 -3.222886 +1.450269 -0.081583 
-1.489626 +3.141863 -1.677662 +1.450185 -3.237259 +1.443459 -0.081583 
-1.493487 +3.141865 -1.673802 +1.441355 -3.256423 +1.434379 -0.081583 
-1.497107 +3.141866 -1.670183 +1.433076 -3.274390 +1.425866 -0.081583 
-1.500968 +3.141868 -1.666323 +1.424246 -3.293555 +1.416785 -0.081583 
-1.504588 +3.141869 -1.662705 +1.415967 -3.311522 +1.408273 -0.081583 
-1.508450 +3.141870 -1.658845 +1.407137 -3.330686 +1.399192 -0.081583 
-1.512070 +3.141872 -1.655226 +1.398859 -3.348653 +1.390679 -0.081583 
-1.516173 +3.141873 -1.651125 +1.389476 -3.369015 +1.381032 -0.081583 
-1.520275 +3.141875 -1.647024 +1.380094 -3.389377 +1.371384 -0.081583 
-1.523654 +3.141876 -1.643646 +1.372367 -3.406146 +1.363438 -0.081583 
-1.527274 +3.141877 -1.640028 +1.364089 -3.424113 +1.354926 -0.081583 
-1.531135 +3.141879 -1.636168 +1.355258 -3.443277 +1.345845 -0.081583 
-1.534272 +3.141880 -1.633031 +1.348084 -3.458848 +1.338467 -0.081583 
-1.537169 +3.141881 -1.630136 +1.341461 -3.473222 +1.331657 -0.081583 
-1.541512 +3.141882 -1.625794 +1.331527 -3.494782 +1.321442 -0.081583 
-1.544891 +3.141884 -1.622416 +1.323800 -3.511551 +1.313496 -0.081583 
-1.547546 +3.141885 -1.619763 +1.317729 -3.524726 +1.307254 -0.081583 
-1.550200 +3.141886 -1.617109 +1.311658 -3.537902 +1.301011 -0.081583 
-1.550683 +3.141886 -1.616627 +1.310554 -3.540298 +1.299876 -0.081583 
-1.554303 +3.141887 -1.613008 +1.302276 -3.558264 +1.291363 -0.081583 
-1.557199 +3.141888 -1.610113 +1.295653 -3.572638 +1.284553 -0.081583 
-1.560336 +3.141889 -1.606977 +1.288478 -3.588209 +1.277175 -0.081583 
-1.562508 +3.141890 -1.604806 +1.283511 -3.598989 +1.272067 -0.081583 
-1.565163 +3.141891 -1.602152 +1.277440 -3.612164 +1.265824 -0.081583 
-1.566611 +3.141892 -1.600704 +1.274129 -3.619351 +1.262419 -0.081583 
-1.572403 +3.141894 -1.594915 +1.260883 -3.648098 +1.248799 -0.081583 
-1.576023 +3.141895 -1.591296 +1.252605 -3.666065 +1.240286 -0.081583 
-1.580126 +3.141897 -1.587195 +1.243222 -3.686427 +1.230638 -0.081583 
-1.583746 +3.141898 -1.583576 +1.234944 -3.704393 +1.222125 -0.081583 
-1.586883 +3.141899 -1.580440 +1.227769 -3.719965 +1.214747 -0.081583 
-1.590744 +3.141901 -1.576580 +1.218939 -3.739129 +1.205667 -0.081583 
-1.594364 +3.141902 -1.572961 +1.210660 -3.757096 +1.197154 -0.081583 
-1.598226 +3.141903 -1.569101 +1.201830 -3.776260 +1.188074 -0.081583 
-1.602087 +3.141905 -1.565241 +1.192999 -3.795425 +1.178993 -0.081583 
-1.605466 +3.141906 -1.561864 +1.185273 -3.812194 +1.171048 -0.081583 
-1.608844 +3.141907 -1.558486 +1.177546 -3.828963 +1.163103 -0.081583 
-1.616326 +3.141910 -1.551008 +1.160437 -3.866094 +1.145510 -0.081583 
-1.620187 +3.141911 -1.547148 +1.151607 -3.885258 +1.136429 -0.081583 
-1.624048 +3.141913 -1.543288 +1.142776 -3.904423 +1.127349 -0.081583 
-1.627668 +3.141914 -1.539669 +1.134498 -3.922389 +1.118836 -0.081583 
-1.631771 +3.141916 -1.535568 +1.125116 -3.942752 +1.109188 -0.081583 
-1.638046 +3.141918 -1.529296 +1.110766 -3.973894 +1.094433 -0.081583 
-1.641424 +3.141919 -1.525918 +1.103039 -3.990663 +1.086487 -0.081583 
-1.642390 +3.141920 -1.524953 +1.100832 -3.995454 +1.084217 -0.081583 
-1.648906 +3.141922 -1.518440 +1.085930 -4.027794 +1.068894 -0.081583 
-1.652767 +3.141923 -1.514580 +1.077100 -4.046958 +1.059814 -0.081583 
-1.656628 +3.141925 -1.510720 +1.068270 -4.066123 +1.050733 -0.081583 
-1.661696 +3.141927 -1.505654 +1.056680 -4.091276 +1.038815 -0.081583 
-1.664110 +3.141927 -1.503241 +1.051161 -4.103254 +1.033140 -0.081583 
-1.667488 +3.141929 -1.499864 +1.043434 -4.120023 +1.025195 -0.081583 
-1.670867 +3.141930 -1.496486 +1.035707 -4.136792 +1.017250 -0.081583 
-1.675694 +3.141932 -1.491661 +1.024669 -4.160748 +1.005899 -0.081583 
-1.678590 +3.141933 -1.488766 +1.018047 -4.175121 +0.999089 -0.081583 
-1.680038 +3.141933 -1.487319 +1.014735 -4.182308 +0.995684 -0.081583 
-1.681003 +3.141934 -1.486354 +1.012528 -4.187099 +0.993414 -0.081583 
-1.686071 +3.141936 -1.481288 +1.000938 -4.212252 +0.981496 -0.081583 
-1.688967 +3.141937 -1.478393 +0.994315 -4.226625 +0.974685 -0.081583 
-1.692587 +3.141938 -1.474774 +0.986036 -4.244592 +0.966173 -0.081583 
-1.696931 +3.141940 -1.470432 +0.976102 -4.266152 +0.955957 -0.081583 
-1.703930 +3.141942 -1.463435 +0.960097 -4.300888 +0.939499 -0.081583 
-1.711170 +3.141945 -1.456198 +0.943540 -4.336821 +0.922473 -0.081583 
-1.715031 +3.141946 -1.452338 +0.934710 -4.355986 +0.913393 -0.081583 
-1.718892 +3.141948 -1.448478 +0.925879 -4.375150 +0.904313 -0.081583 
-1.722030 +3.141949 -1.445342 +0.918704 -4.390721 +0.896935 -0.081583 
-1.725167 +3.141950 -1.442206 +0.911530 -4.406292 +0.889557 -0.081583 
-1.733131 +3.141953 -1.434245 +0.893317 -4.445819 +0.870829 -0.081583 
-1.736510 +3.141954 -1.430867 +0.885590 -4.462588 +0.862884 -0.081583 
-1.740612 +3.141956 -1.426766 +0.876208 -4.482951 +0.853236 -0.081583 
-1.747370 +3.141958 -1.420011 +0.860755 -4.516489 +0.837345 -0.081583 
-1.749542 +3.141959 -1.417840 +0.855788 -4.527268 +0.832237 -0.081583 
-1.752920 +3.141960 -1.414463 +0.848061 -4.544037 +0.824292 -0.081583 
-1.758471 +3.141962 -1.408914 +0.835367 -4.571586 +0.811239 -0.081583 
-1.760643 +3.141963 -1.406743 +0.830400 -4.582366 +0.806131 -0.081583 
-1.762574 +3.141964 -1.404813 +0.825985 -4.591949 +0.801591 -0.081583 
-1.766918 +3.141965 -1.400470 +0.816051 -4.613509 +0.791376 -0.081583 
-1.771262 +3.141967 -1.396128 +0.806117 -4.635068 +0.781160 -0.081583 
-1.773916 +3.141968 -1.393474 +0.800046 -4.648244 +0.774917 -0.081583 
-1.775847 +3.141968 -1.391544 +0.795630 -4.657826 +0.770377 -0.081583 
-1.781156 +3.141970 -1.386237 +0.783489 -4.684177 +0.757892 -0.081583 
-1.783811 +3.141971 -1.383583 +0.777418 -4.697353 +0.751649 -0.081583 
-1.787190 +3.141973 -1.380206 +0.769691 -4.714122 +0.743704 -0.081583 
-1.791292 +3.141974 -1.376104 +0.760309 -4.734484 +0.734056 -0.081583 
-1.794430 +3.141975 -1.372968 +0.753134 -4.750055 +0.726678 -0.081583 
-1.798050 +3.141977 -1.369350 +0.744856 -4.768022 +0.718165 -0.081583 
-1.801187 +3.141978 -1.366213 +0.737681 -4.783593 +0.710787 -0.081583 
-1.804083 +3.141979 -1.363318 +0.731058 -4.797966 +0.703977 -0.081583 
-1.807703 +3.141980 -1.359700 +0.722780 -4.815933 +0.695464 -0.081583 
-1.810599 +3.141981 -1.356805 +0.716157 -4.830307 +0.688654 -0.081583 
-1.813254 +3.141982 -1.354151 +0.710086 -4.843482 +0.682411 -0.081583 
-1.817598 +3.141984 -1.349809 +0.700152 -4.865042 +0.672196 -0.081583 
-1.818563 +3.141984 -1.348844 +0.697944 -4.869833 +0.669926 -0.081583 
-1.820976 +3.141985 -1.346431 +0.692425 -4.881811 +0.664251 -0.081583 
-1.824355 +3.141986 -1.343054 +0.684698 -4.898580 +0.656305 -0.081583 
-1.827010 +3.141987 -1.340400 +0.678627 -4.911756 +0.650063 -0.081583 
-1.829423 +3.141988 -1.337988 +0.673108 -4.923734 +0.644387 -0.081583 
-1.833043 +3.141989 -1.334369 +0.664830 -4.941700 +0.635875 -0.081583 
-1.833767 +3.141990 -1.333645 +0.663174 -4.945293 +0.634172 -0.081583 
-1.837870 +3.141991 -1.329544 +0.653792 -4.965656 +0.624524 -0.081583 
-1.840766 +3.141992 -1.326649 +0.647169 -4.980029 +0.617714 -0.081583 
-1.843903 +3.141994 -1.323513 +0.639994 -4.995600 +0.610336 -0.081583 
-1.847523 +3.141995 -1.319894 +0.631716 -5.013567 +0.601823 -0.081583 
-1.851143 +3.141996 -1.316275 +0.623437 -5.031534 +0.593310 -0.081583 
-1.854763 +3.141998 -1.312657 +0.615159 -5.049500 +0.584797 -0.081583 
-1.858383 +3.141999 -1.309038 +0.606880 -5.067467 +0.576285 -0.081583 
-1.862003 +3.142000 -1.305419 +0.598602 -5.085434 +0.567772 -0.081583 
-1.866106 +3.142002 -1.301318 +0.589219 -5.105796 +0.558124 -0.081583 
-1.870208 +3.142003 -1.297217 +0.579837 -5.126158 +0.548476 -0.081583 
-1.876724 +3.142005 -1.290703 +0.564936 -5.158498 +0.533153 -0.081583 
-1.880586 +3.142007 -1.286843 +0.556105 -5.177663 +0.524073 -0.081583 
-1.888067 +3.142010 -1.279365 +0.538996 -5.214794 +0.506479 -0.081583 
-1.891687 +3.142011 -1.275746 +0.530718 -5.232761 +0.497966 -0.081583 
-1.899168 +3.142014 -1.268268 +0.513609 -5.269892 +0.480373 -0.081583 
-1.903030 +3.142015 -1.264408 +0.504779 -5.289057 +0.471293 -0.081583 
-1.906650 +3.142016 -1.260789 +0.496500 -5.307023 +0.462780 -0.081583 
-1.910511 +3.142018 -1.256929 +0.487670 -5.326188 +0.453700 -0.081583 
-1.913648 +3.142019 -1.253793 +0.480495 -5.341759 +0.446322 -0.081583 
-1.915096 +3.142020 -1.252345 +0.477183 -5.348946 +0.442917 -0.081583 
-1.917510 +3.142020 -1.249933 +0.471664 -5.360923 +0.437242 -0.081583 
-1.917510 +3.142020 -1.249933 +0.471664 -5.360923 +0.437242 -0.081583 
-1.923060 +3.142023 -1.244384 +0.458971 -5.388472 +0.424189 -0.081583 
-1.926922 +3.142024 -1.240524 +0.450140 -5.407637 +0.415108 -0.081583 
-1.929576 +3.142025 -1.237870 +0.444069 -5.420813 +0.408865 -0.081583 
-1.933196 +3.142026 -1.234252 +0.435791 -5.438779 +0.400353 -0.081583 
-1.936816 +3.142028 -1.230633 +0.427512 -5.456746 +0.391840 -0.081583 
-1.944780 +3.142030 -1.222672 +0.409300 -5.496273 +0.373112 -0.081583 
-1.948159 +3.142032 -1.219295 +0.401573 -5.513041 +0.365166 -0.081583 
-1.951779 +3.142033 -1.215676 +0.393294 -5.531008 +0.356653 -0.081583 
-1.957812 +3.142035 -1.209645 +0.379497 -5.560953 +0.342465 -0.081583 
-1.961674 +3.142037 -1.205785 +0.370666 -5.580117 +0.333385 -0.081583 
-1.969879 +3.142040 -1.197582 +0.351902 -5.620842 +0.314089 -0.081583 
-1.973258 +3.142041 -1.194205 +0.344175 -5.637610 +0.306144 -0.081583 
-1.980498 +3.142044 -1.186968 +0.327618 -5.673544 +0.289118 -0.081583 
-1.983876 +3.142045 -1.183590 +0.319892 -5.690313 +0.281173 -0.081583 
-1.987496 +3.142046 -1.179971 +0.311613 -5.708280 +0.272660 -0.081583 
-1.989427 +3.142047 -1.178042 +0.307198 -5.717862 +0.268120 -0.081583 
-1.993530 +3.142048 -1.173940 +0.297816 -5.738224 +0.258472 -0.081583 
-1.998356 +3.142050 -1.169115 +0.286777 -5.762180 +0.247122 -0.081583 
-2.005114 +3.142053 -1.162361 +0.271324 -5.795718 +0.231231 -0.081583 
-2.008251 +3.142054 -1.159224 +0.264150 -5.811289 +0.223853 -0.081583 
-2.011630 +3.142055 -1.155847 +0.256423 -5.828058 +0.215908 -0.081583 
-2.014043 +3.142056 -1.153434 +0.250904 -5.840034 +0.210233 -0.081583 
-2.019594 +3.142058 -1.147886 +0.238210 -5.867045 +0.197180 -0.081583 
-2.026110 +3.142060 -1.141372 +0.223309 -5.897455 +0.181856 -0.081583 
-2.029730 +3.142062 -1.137753 +0.215030 -5.913713 +0.173344 -0.081583 
-2.035039 +3.142064 -1.132446 +0.202888 -5.936782 +0.160858 -0.081583 
-2.038418 +3.142065 -1.129069 +0.195162 -5.950992 +0.152913 -0.081583 
-2.042038 +3.142066 -1.125450 +0.186883 -5.965741 +0.144400 -0.081583 
-2.044934 +3.142067 -1.122555 +0.180261 -5.977246 +0.137590 -0.081583 
-2.048071 +3.142068 -1.119419 +0.173086 -5.989408 +0.130212 -0.081583 
-2.053139 +3.142070 -1.114353 +0.161496 -6.008312 +0.118294 -0.081583 
-2.056035 +3.142071 -1.111458 +0.154873 -6.018720 +0.111484 -0.081583 
-2.059414 +3.142073 -1.108080 +0.147146 -6.030519 +0.103538 -0.081583 
-2.062551 +3.142074 -1.104944 +0.139972 -6.041152 +0.096161 -0.081583 
-2.069550 +3.142076 -1.097948 +0.123967 -6.063623 +0.079702 -0.081583 
-2.072204 +3.142077 -1.095294 +0.117896 -6.071728 +0.073460 -0.081583 
-2.074618 +3.142078 -1.092882 +0.112377 -6.078882 +0.067784 -0.081583 
-2.077031 +3.142079 -1.090469 +0.106858 -6.085840 +0.062109 -0.081583 
-2.080651 +3.142080 -1.086851 +0.098579 -6.095885 +0.053596 -0.081583 
-2.088132 +3.142083 -1.079372 +0.081470 -6.115299 +0.036003 -0.081583 
-2.091269 +3.142084 -1.076236 +0.074295 -6.122894 +0.028625 -0.081583 
-2.098992 +3.142087 -1.068516 +0.057143 -6.140142 +0.011388 -0.081583 
-2.102371 +3.142088 -1.065138 +0.050244 -6.147041 +0.004489 -0.081583 
-2.106474 +3.142090 -1.061037 +0.042355 -6.154930 -0.003800 -0.081583 
-2.110094 +3.142091 -1.057419 +0.035877 -6.161408 -0.010278 -0.081583 
-2.117334 +3.142094 -1.050181 +0.024235 -6.173050 -0.021920 -0.081583 
-2.125056 +3.142097 -1.042461 +0.013749 -6.183536 -0.032406 -0.081583 
-2.128676 +3.142098 -1.038843 +0.009545 -6.187740 -0.036610 -0.081583 
-2.132753 +3.142100 -1.034767 +0.005282 -6.192003 -0.040873 -0.081583 
-2.136223 +3.142101 -1.031297 +0.001812 -6.195473 -0.044343 -0.081583 
-2.138869 +3.142102 -1.028651 -0.001234 -6.198119 -0.046989 -0.081583 
-2.141544 +3.142104 -1.025976 -0.003909 -6.200794 -0.049664 -0.081583 
-2.143543 +3.142105 -1.023977 -0.005908 -6.202793 -0.051663 -0.081583 
-2.144896 +3.142106 -1.022624 -0.007261 -6.204145 -0.053016 -0.081583 
-2.145689 +3.142107 -1.021831 -0.008054 -6.204939 -0.053809 -0.081583 
-2.146199 +3.142108 -1.021321 -0.008564 -6.205449 -0.054319 -0.081583 
-2.146571 +3.142109 -1.020949 -0.008936 -6.205822 -0.054691 -0.081583 
-2.146630 +3.142110 -1.020890 -0.008995 -6.205880 -0.054750 -0.081583 
-2.146630 +3.142110 -1.020890 -0.008995 -6.205880 -0.054750 -0.081583 
